1,0,0.5592481
2,0,0.5892398
3,0,0.59400046
4,0,0.5634819
5,0,0.56553704
6,0,0.5080162
7,0,0.5360373
8,0,0.50433856
9,0,0.4852293
10,0,0.5213234
11,0,0.43371594
12,0,0.4751835
13,0,0.4742623
14,0,0.41752887
15,0,0.47038513
16,0,0.4598703
17,0,0.33585176
18,0,0.44989333
19,0,0.4084953
20,0,0.3823673
21,0,0.3611145
22,0,0.43697977
23,0,0.38201153
24,0,0.35859197
25,0,0.23147957
26,0,0.3650268
27,0,0.32280135
28,0,0.30310163
29,0,0.3049971
30,0,0.4375628
31,0,0.32269257
32,0,0.31873137
33,0,0.34737754
34,0,0.3538875
35,0,0.40107924
36,0,0.27262387
37,0,0.25514337
38,0,0.31552476
39,0,0.3651659
40,0,0.28643978
41,0,0.35799906
42,0,0.35045356
43,0,0.23590893
44,0,0.3031509
45,0,0.29360077
46,0,0.30989173
47,0,0.3406814
48,0,0.2981428
49,0,0.30649552
50,0,0.34132212
51,0,0.350425
52,0,0.28854042
53,0,0.29236382
54,0,0.2682656
55,0,0.28269726
56,0,0.3430516
57,0,0.32751608
58,0,0.26078647
59,0,0.30953157
60,0,0.33813357
61,0,0.33647534
62,0,0.19687235
63,0,0.28908616
64,0,0.29962406
65,0,0.3040288
66,0,0.2566771
67,0,0.2583027
68,0,0.2070809
69,0,0.25854847
70,0,0.33051455
71,0,0.27150047
72,0,0.26059306
73,0,0.2678617
74,0,0.29140055
75,0,0.2988363
76,0,0.25335166
77,0,0.25699887
78,0,0.27367458
79,0,0.29524857
80,0,0.2939615
81,0,0.26238966
82,0,0.2625767
83,0,0.1904279
84,0,0.2876675
85,0,0.2668717
86,0,0.2664166
87,0,0.23954761
88,0,0.25085872
89,0,0.21713805
90,0,0.29987794
91,0,0.26459706
92,0,0.20941845
93,0,0.27481517
94,0,0.21286212
95,0,0.19777602
96,0,0.36967653
97,0,0.2523672
98,0,0.26560578
99,0,0.25231242
100,0,0.19460122
101,0,0.19465217
102,0,0.20312628
103,0,0.21137536
104,0,0.19220915
105,0,0.28736305
106,0,0.25115365
107,0,0.2667076
108,0,0.26419497
109,0,0.19917294
110,0,0.23028752
111,0,0.24668472
112,0,0.2841066
113,0,0.27669498
114,0,0.2628951
115,0,0.21788377
116,0,0.3186059
117,0,0.32198367
118,0,0.23098004
119,0,0.27003834
120,0,0.22108546
121,0,0.26865584
122,0,0.26137102
123,0,0.24687222
124,0,0.26394093
125,0,0.27102393
126,0,0.23594157
127,0,0.15421185
128,0,0.19648072
129,0,0.30952924
130,0,0.24107385
131,0,0.1933218
132,0,0.25712556
133,0,0.20020795
134,0,0.25920004
135,0,0.22661307
136,0,0.21634488
137,0,0.28266346
138,0,0.27243656
139,0,0.28103745
140,0,0.26125818
141,0,0.29388076
142,0,0.38801834
143,0,0.19557421
144,0,0.22995172
145,0,0.23881447
146,0,0.23837659
147,0,0.23643564
148,0,0.21276137
149,0,0.22230747
150,0,0.25813824
151,0,0.2190743
152,0,0.25913793
153,0,0.2600471
154,0,0.29237884
155,0,0.2626625
156,0,0.2450105
157,0,0.18354428
158,0,0.21471493
159,0,0.23249345
160,0,0.18565767
161,0,0.2216548
162,0,0.28835717
163,0,0.21575539
164,0,0.22704367
165,0,0.29195172
166,0,0.24298131
167,0,0.27895784
168,0,0.27501786
169,0,0.1777343
170,0,0.25314844
171,0,0.25136644
172,0,0.2506771
173,0,0.22524628
174,0,0.2296839
175,0,0.15932734
176,0,0.23574892
177,0,0.21155033
178,0,0.21607403
179,0,0.21115611
180,0,0.29830235
181,0,0.20179066
182,0,0.17261058
183,0,0.16447477
184,0,0.26369977
185,0,0.20878777
186,0,0.2615943
187,0,0.22837071
188,0,0.25371438
189,0,0.19429795
190,0,0.1672157
191,0,0.26225436
192,0,0.22714153
193,0,0.21566325
194,0,0.2308645
195,0,0.17386067
196,0,0.21170811
197,0,0.23187342
198,0,0.21981339
199,0,0.26852027
200,0,0.2388845
201,0,0.24889326
202,0,0.2742083
203,0,0.18527661
204,0,0.23141158
205,0,0.24662648
206,0,0.29681993
207,0,0.23011653
208,0,0.14575899
209,0,0.27731848
210,0,0.24564716
211,0,0.21516237
212,0,0.27251947
213,0,0.22308183
214,0,0.20813619
215,0,0.19960293
216,0,0.19001392
217,0,0.20929766
218,0,0.24476187
219,0,0.25193346
220,0,0.25317657
221,0,0.21249041
222,0,0.19862816
223,0,0.23836759
224,0,0.27377957
225,0,0.1606357
226,0,0.19467357
227,0,0.2494034
228,0,0.22072232
229,0,0.24568376
230,0,0.27720222
231,0,0.1983718
232,0,0.20528637
233,0,0.1480158
234,0,0.20482087
235,0,0.19967227
236,0,0.18683875
237,0,0.26587522
238,0,0.18177891
239,0,0.21200854
240,0,0.18752962
241,0,0.24033569
242,0,0.26897553
243,0,0.23542516
244,0,0.30378324
245,0,0.21789104
246,0,0.17787974
247,0,0.22838536
248,0,0.2734943
249,0,0.22102913
250,0,0.2616739
251,0,0.22300097
252,0,0.22240448
253,0,0.22012173
254,0,0.22019756
255,0,0.22640333
256,0,0.23265472
257,0,0.23010485
258,0,0.21672353
259,0,0.23608887
260,0,0.22105873
261,0,0.15172641
262,0,0.15462619
263,0,0.2664417
264,0,0.24218027
265,0,0.1962004
266,0,0.20065364
267,0,0.255758
268,0,0.24488872
269,0,0.22749782
270,0,0.25836846
271,0,0.24656032
272,0,0.20275442
273,0,0.20781958
274,0,0.28682956
275,0,0.1582707
276,0,0.22237283
277,0,0.21086845
278,0,0.27415013
279,0,0.22714806
280,0,0.155234
281,0,0.26096705
282,0,0.21259719
283,0,0.25210568
284,0,0.23081669
285,0,0.22124998
286,0,0.27151018
287,0,0.18030074
288,0,0.20307098
289,0,0.26136065
290,0,0.20398514
291,0,0.20922725
292,0,0.2554855
293,0,0.24039046
294,0,0.29069683
295,0,0.31185395
296,0,0.21408236
297,0,0.16116983
298,0,0.20759737
299,0,0.1813128
300,0,0.14296483
301,0,0.19539699
302,0,0.22670202
303,0,0.188075
304,0,0.15086286
305,0,0.21670519
306,0,0.18500984
307,0,0.18454024
308,0,0.24009576
309,0,0.18835048
310,0,0.17280975
311,0,0.17508677
312,0,0.22638789
313,0,0.19891533
314,0,0.21204641
315,0,0.22217622
316,0,0.17780697
317,0,0.24533074
318,0,0.23194627
319,0,0.18622129
320,0,0.19861484
321,0,0.20955698
322,0,0.25438493
323,0,0.22606805
324,0,0.14112513
325,0,0.24246685
326,0,0.1601489
327,0,0.2611224
328,0,0.22767752
329,0,0.19685647
330,0,0.22982746
331,0,0.20280704
332,0,0.18128948
333,0,0.20794813
334,0,0.24696925
335,0,0.25257123
336,0,0.27076054
337,0,0.19979589
338,0,0.2295091
339,0,0.22119646
340,0,0.16120005
341,0,0.20918792
342,0,0.23675045
343,0,0.17604241
344,0,0.23194449
345,0,0.18199365
346,0,0.21786192
347,0,0.18914554
348,0,0.25496355
349,0,0.14242387
350,0,0.2807079
351,0,0.23577285
352,0,0.212776
353,0,0.19645664
354,0,0.24917659
355,0,0.14576589
356,0,0.237001
357,0,0.2822605
358,0,0.24992818
359,0,0.18301049
360,0,0.19486831
361,0,0.2395514
362,0,0.23786318
363,0,0.19718465
364,0,0.25487024
365,0,0.22988126
366,0,0.24121194
367,0,0.20662686
368,0,0.21785152
369,0,0.26268163
370,0,0.19346309
371,0,0.21685915
372,0,0.19378614
373,0,0.17878664
374,0,0.20058124
375,0,0.23667419
376,0,0.204667
377,0,0.30440247
378,0,0.18118761
379,0,0.22790205
380,0,0.25973463
381,0,0.15651599
382,0,0.2633718
383,0,0.21954684
384,0,0.19913962
385,0,0.19675887
386,0,0.22696635
387,0,0.23085837
388,0,0.26941797
389,0,0.22136652
390,0,0.23064199
391,0,0.26296008
392,0,0.20187055
393,0,0.24834453
394,0,0.21227586
395,0,0.17454378
396,0,0.22398244
397,0,0.1510337
398,0,0.23663613
399,0,0.24140048
400,0,0.24711853
401,0,0.21195537
402,0,0.20074224
403,0,0.24031603
404,0,0.24830687
405,0,0.20739207
406,0,0.29087305
407,0,0.22787103
408,0,0.23207836
409,0,0.18922834
410,0,0.20099227
411,0,0.21253859
412,0,0.2375913
413,0,0.1966508
414,0,0.17751828
415,0,0.28218496
416,0,0.13900757
417,0,0.1853414
418,0,0.21391736
419,0,0.29279763
420,0,0.19587216
421,0,0.20853142
422,0,0.1772937
423,0,0.18854094
424,0,0.27870864
425,0,0.23362176
426,0,0.28899917
427,0,0.19990973
428,0,0.18146649
429,0,0.33715576
430,0,0.15305331
431,0,0.29407483
432,0,0.16485222
433,0,0.23004651
434,0,0.19940048
435,0,0.24852435
436,0,0.1934748
437,0,0.22810559
438,0,0.19719407
439,0,0.21700522
440,0,0.25390333
441,0,0.26111805
442,0,0.21157894
443,0,0.23602757
444,0,0.24429797
445,0,0.17627618
446,0,0.18418226
447,0,0.23949924
448,0,0.16331324
449,0,0.26357663
450,0,0.26434827
451,0,0.2665342
452,0,0.2910388
453,0,0.19366348
454,0,0.19896743
455,0,0.20245527
456,0,0.2900903
457,0,0.26235217
458,0,0.25831017
459,0,0.15348248
460,0,0.21231127
461,0,0.18620281
462,0,0.1942704
463,0,0.27049696
464,0,0.18579158
465,0,0.29379156
466,0,0.22582829
467,0,0.19011292
468,0,0.23153174
469,0,0.17873012
470,0,0.17582268
471,0,0.2679729
472,0,0.22675341
473,0,0.1665439
474,0,0.21849728
475,0,0.21289411
476,0,0.17733282
477,0,0.14275768
478,0,0.22759494
479,0,0.23890668
480,0,0.23810408
481,0,0.1821901
482,0,0.15703903
483,0,0.3422444
484,0,0.2576002
485,0,0.16247435
486,0,0.18379252
487,0,0.23607588
488,0,0.24922845
489,0,0.22307444
490,0,0.2840835
491,0,0.17425358
492,0,0.16838455
493,0,0.1230192
494,0,0.20375893
495,0,0.22846496
496,0,0.19817685
497,0,0.15429226
498,0,0.19940297
499,0,0.21049325
500,0,0.21396416
501,0,0.19162361
502,0,0.24167208
503,0,0.24115501
504,0,0.15359648
505,0,0.25654298
506,0,0.11696883
507,0,0.20622867
508,0,0.12668067
509,0,0.26297528
510,0,0.24474534
511,0,0.21511298
512,0,0.21617918
513,0,0.19040737
514,0,0.1335928
515,0,0.2474851
516,0,0.22173105
517,0,0.14985311
518,0,0.24847287
519,0,0.17618065
520,0,0.22413567
521,0,0.27525842
522,0,0.18231592
523,0,0.21130452
524,0,0.12595662
525,0,0.18708614
526,0,0.23215926
527,0,0.1704854
528,0,0.19997033
529,0,0.21635494
530,0,0.1639019
531,0,0.21694943
532,0,0.21070385
533,0,0.23282245
534,0,0.20601009
535,0,0.23389557
536,0,0.17108998
537,0,0.21369302
538,0,0.18373701
539,0,0.27237684
540,0,0.15429044
541,0,0.19226317
542,0,0.22997901
543,0,0.17505443
544,0,0.2223575
545,0,0.23239991
546,0,0.234219
547,0,0.18417221
548,0,0.2356132
549,0,0.2243205
550,0,0.25909787
551,0,0.18380475
552,0,0.21511988
553,0,0.17756307
554,0,0.2031703
555,0,0.2406749
556,0,0.19358975
557,0,0.1832107
558,0,0.22618902
559,0,0.25811353
560,0,0.19572318
561,0,0.2214432
562,0,0.19840214
563,0,0.1815956
564,0,0.19651058
565,0,0.23058408
566,0,0.25378972
567,0,0.28628528
568,0,0.13636413
569,0,0.29614633
570,0,0.19502398
571,0,0.15848026
572,0,0.19448172
573,0,0.19175464
574,0,0.13853115
575,0,0.24462315
576,0,0.1795259
577,0,0.2651865
578,0,0.15802452
579,0,0.20660739
580,0,0.16792582
581,0,0.20783126
582,0,0.21529514
583,0,0.23761925
584,0,0.21477382
585,0,0.22591965
586,0,0.18068874
587,0,0.23989117
588,0,0.24825636
589,0,0.1800776
590,0,0.23887885
591,0,0.1692348
592,0,0.18627533
593,0,0.26632535
594,0,0.21413255
595,0,0.18604988
596,0,0.1777161
597,0,0.18003839
598,0,0.11310025
599,0,0.19428632
600,0,0.15304954
601,0,0.16007505
602,0,0.26684836
603,0,0.21200284
604,0,0.1705625
605,0,0.21217613
606,0,0.23468587
607,0,0.24620907
608,0,0.20488158
609,0,0.27808276
610,0,0.22764067
611,0,0.15761094
612,0,0.24372268
613,0,0.23678598
614,0,0.19762254
615,0,0.20616692
616,0,0.21876244
617,0,0.22676349
618,0,0.19495162
619,0,0.19232965
620,0,0.19661233
621,0,0.2521459
622,0,0.21219794
623,0,0.2691786
624,0,0.24133119
625,0,0.2127144
626,0,0.1641146
627,0,0.23984265
628,0,0.17628913
629,0,0.26855123
630,0,0.20560837
631,0,0.21452302
632,0,0.22257891
633,0,0.20247304
634,0,0.27410758
635,0,0.22017297
636,0,0.20372936
637,0,0.18817016
638,0,0.2325674
639,0,0.25762075
640,0,0.22194827
641,0,0.18903993
642,0,0.21651113
643,0,0.17611854
644,0,0.24087766
645,0,0.15896533
646,0,0.11479236
647,0,0.21452227
648,0,0.18879056
649,0,0.23597209
650,0,0.22916934
651,0,0.22568277
652,0,0.2763722
653,0,0.17261854
654,0,0.22241227
655,0,0.1714713
656,0,0.18700497
657,0,0.31730264
658,0,0.19055508
659,0,0.14667422
660,0,0.18483675
661,0,0.20037341
662,0,0.2035087
663,0,0.19854885
664,0,0.26702434
665,0,0.1765295
666,0,0.16172737
667,0,0.2708549
668,0,0.17762113
669,0,0.17965393
670,0,0.21249203
671,0,0.29469523
672,0,0.25165164
673,0,0.1654123
674,0,0.18851501
675,0,0.14445545
676,0,0.17835706
677,0,0.30151793
678,0,0.24734324
679,0,0.34318805
680,0,0.20379512
681,0,0.2499815
682,0,0.1812639
683,0,0.23545715
684,0,0.23814735
685,0,0.21167555
686,0,0.26747942
687,0,0.20205632
688,0,0.18603203
689,0,0.16656289
690,0,0.15699415
691,0,0.24229918
692,0,0.21597567
693,0,0.2199206
694,0,0.1391444
695,0,0.18874034
696,0,0.17941794
697,0,0.24291173
698,0,0.15209094
699,0,0.19085792
700,0,0.18792865
701,0,0.16651314
702,0,0.17568538
703,0,0.2027477
704,0,0.19892454
705,0,0.24585497
706,0,0.21868466
707,0,0.2414439
708,0,0.15195811
709,0,0.16576138
710,0,0.25975084
711,0,0.19998062
712,0,0.17792496
713,0,0.2636627
714,0,0.21233907
715,0,0.25026697
716,0,0.17464569
717,0,0.18345587
718,0,0.17287509
719,0,0.2187191
720,0,0.21315293
721,0,0.21391961
722,0,0.19752477
723,0,0.20934373
724,0,0.19981152
725,0,0.25296462
726,0,0.22585905
727,0,0.1484448
728,0,0.207902
729,0,0.19049564
730,0,0.22184733
731,0,0.10808489
732,0,0.22691745
733,0,0.24947867
734,0,0.18752688
735,0,0.25372538
736,0,0.17315611
737,0,0.16344814
738,0,0.17037019
739,0,0.23104778
740,0,0.22175902
741,0,0.20227632
742,0,0.23277101
743,0,0.21355717
744,0,0.19786999
745,0,0.17087549
746,0,0.174016
747,0,0.18021852
748,0,0.22524874
749,0,0.16275468
750,0,0.19272509
751,0,0.24878375
752,0,0.13563111
753,0,0.16412711
754,0,0.24101731
755,0,0.29749095
756,0,0.1736758
757,0,0.21153371
758,0,0.15921341
759,0,0.1914122
760,0,0.2322431
761,0,0.23296681
762,0,0.18554947
763,0,0.30151007
764,0,0.21011768
765,0,0.20755935
766,0,0.22659934
767,0,0.25727683
768,0,0.2714942
769,0,0.20903149
770,0,0.1233884
771,0,0.20992808
772,0,0.19511096
773,0,0.19949746
774,0,0.16960214
775,0,0.20661746
776,0,0.19817746
777,0,0.15912436
778,0,0.20514941
779,0,0.17603552
780,0,0.16205272
781,0,0.24945831
782,0,0.27442455
783,0,0.23122369
784,0,0.17440425
785,0,0.23622802
786,0,0.30236638
787,0,0.21139705
788,0,0.20987386
789,0,0.23994152
790,0,0.22522426
791,0,0.14470246
792,0,0.25958502
793,0,0.20391172
794,0,0.1790775
795,0,0.20528369
796,0,0.14736088
797,0,0.22488639
798,0,0.22633275
799,0,0.15902522
800,0,0.17395602
801,0,0.15385658
802,0,0.2221852
803,0,0.22765526
804,0,0.16632883
805,0,0.20205909
806,0,0.18301964
807,0,0.2005757
808,0,0.17745152
809,0,0.18079118
810,0,0.20427518
811,0,0.21802765
812,0,0.1847742
813,0,0.20554528
814,0,0.21675913
815,0,0.1668304
816,0,0.16125497
817,0,0.19032714
818,0,0.2150704
819,0,0.2361593
820,0,0.17902832
821,0,0.17386433
822,0,0.21472016
823,0,0.1965468
824,0,0.15168795
825,0,0.22906397
826,0,0.16346388
827,0,0.20426607
828,0,0.2330302
829,0,0.19156119
830,0,0.15151884
831,0,0.21644413
832,0,0.19897918
833,0,0.14986867
834,0,0.18552348
835,0,0.19768433
836,0,0.159632
837,0,0.19698948
838,0,0.19729635
839,0,0.17021587
840,0,0.20466575
841,0,0.22205131
842,0,0.18841746
843,0,0.2171583
844,0,0.26963508
845,0,0.20700996
846,0,0.22282057
847,0,0.22348055
848,0,0.16014999
849,0,0.23358612
850,0,0.21439946
851,0,0.27611858
852,0,0.24785304
853,0,0.18918693
854,0,0.18749103
855,0,0.23960547
856,0,0.18210378
857,0,0.1854502
858,0,0.17351833
859,0,0.20019272
860,0,0.18324682
861,0,0.14909638
862,0,0.22100866
863,0,0.14078449
864,0,0.24093801
865,0,0.20977783
866,0,0.19820881
867,0,0.18743762
868,0,0.22227642
869,0,0.1917647
870,0,0.15667935
871,0,0.22103363
872,0,0.14499329
873,0,0.1435965
874,0,0.13003367
875,0,0.15804851
876,0,0.13604492
877,0,0.20825386
878,0,0.14980473
879,0,0.24675608
880,0,0.14458627
881,0,0.14545473
882,0,0.15837704
883,0,0.16520947
884,0,0.22352815
885,0,0.25367576
886,0,0.13236552
887,0,0.1603876
888,0,0.19046026
889,0,0.18808404
890,0,0.22689717
891,0,0.20927736
892,0,0.22510706
893,0,0.1903836
894,0,0.25638765
895,0,0.26485145
896,0,0.19600599
897,0,0.16861379
898,0,0.17056726
899,0,0.17695332
900,0,0.24151471
901,0,0.25628772
902,0,0.1872736
903,0,0.2144137
904,0,0.1744921
905,0,0.2459253
906,0,0.20873943
907,0,0.18978804
908,0,0.23251759
909,0,0.15835053
910,0,0.17010763
911,0,0.17247725
912,0,0.15724273
913,0,0.115270555
914,0,0.20664069
915,0,0.24464977
916,0,0.22346896
917,0,0.18673736
918,0,0.27117223
919,0,0.26214722
920,0,0.205789
921,0,0.19147822
922,0,0.20571434
923,0,0.19826108
924,0,0.22187075
925,0,0.17214915
926,0,0.2108494
927,0,0.14555758
928,0,0.25813824
929,0,0.15971102
930,0,0.22540015
931,0,0.19193733
932,0,0.18849777
933,0,0.12528953
934,0,0.17125379
935,0,0.21528804
936,0,0.23216486
937,0,0.2532404
938,0,0.19387835
939,0,0.19035625
940,0,0.19798267
941,0,0.24906063
942,0,0.15324172
943,0,0.12239477
944,0,0.23351118
945,0,0.2078502
946,0,0.15380554
947,0,0.22284776
948,0,0.24042565
949,0,0.161382
950,0,0.18605964
951,0,0.1798232
952,0,0.13733009
953,0,0.24160334
954,0,0.20496123
955,0,0.19716482
956,0,0.25338003
957,0,0.15285313
958,0,0.2216678
959,0,0.25805026
960,0,0.22808301
961,0,0.25595933
962,0,0.23478156
963,0,0.27415073
964,0,0.19576752
965,0,0.1839126
966,0,0.13707617
967,0,0.20411402
968,0,0.20221281
969,0,0.20402567
970,0,0.22149497
971,0,0.2152229
972,0,0.26036423
973,0,0.16311926
974,0,0.24888536
975,0,0.23990455
976,0,0.21473318
977,0,0.21041071
978,0,0.21703523
979,0,0.23432218
980,0,0.2332209
981,0,0.19265527
982,0,0.2667769
983,0,0.19794345
984,0,0.19115207
985,0,0.19246748
986,0,0.1932495
987,0,0.16272627
988,0,0.27559838
989,0,0.25360054
990,0,0.12224095
991,0,0.20254487
992,0,0.1973022
993,0,0.2104474
994,0,0.15353733
995,0,0.22378147
996,0,0.15273462
997,0,0.19670545
998,0,0.18154041
999,0,0.17922208
1000,0,0.20702986
1001,0,0.24233794
1002,0,0.17302987
1003,0,0.21601555
1004,0,0.18866526
1005,0,0.15841725
1006,0,0.23302081
1007,0,0.20745623
1008,0,0.19652128
1009,0,0.21856761
1010,0,0.19711214
1011,0,0.19556996
1012,0,0.21821837
1013,0,0.20060882
1014,0,0.1344447
1015,0,0.22632925
1016,0,0.2014098
1017,0,0.14873259
1018,0,0.21454948
1019,0,0.19638705
1020,0,0.14997749
1021,0,0.19673955
1022,0,0.18931258
1023,0,0.0829905
1024,0,0.23191068
1025,0,0.2946807
1026,0,0.22129744
1027,0,0.1313385
1028,0,0.27176464
1029,0,0.16846955
1030,0,0.2318862
1031,0,0.2346864
1032,0,0.13000469
1033,0,0.2657741
1034,0,0.23599157
1035,0,0.19942491
1036,0,0.2152955
1037,0,0.09208284
1038,0,0.14566463
1039,0,0.18067843
1040,0,0.20376122
1041,0,0.12668508
1042,0,0.24720246
1043,0,0.17692336
1044,0,0.22759375
1045,0,0.23059486
1046,0,0.23230317
1047,0,0.2377832
1048,0,0.14483874
1049,0,0.2740438
1050,0,0.20244658
1051,0,0.15353788
1052,0,0.2556258
1053,0,0.24773364
1054,0,0.2840376
1055,0,0.2108427
1056,0,0.17758763
1057,0,0.1631209
1058,0,0.24448733
1059,0,0.21433863
1060,0,0.23663966
1061,0,0.20517954
1062,0,0.21746409
1063,0,0.22038601
1064,0,0.12972695
1065,0,0.19590366
1066,0,0.26734328
1067,0,0.20473847
1068,0,0.23621455
1069,0,0.13880499
1070,0,0.20525317
1071,0,0.21201116
1072,0,0.31526136
1073,0,0.29110897
1074,0,0.14469963
1075,0,0.18991487
1076,0,0.18997404
1077,0,0.17703709
1078,0,0.22377783
1079,0,0.2019441
1080,0,0.19098294
1081,0,0.24605983
1082,0,0.14609203
1083,0,0.21486008
1084,0,0.23257898
1085,0,0.235028
1086,0,0.21869752
1087,0,0.18726656
1088,0,0.25672406
1089,0,0.15135035
1090,0,0.19870389
1091,0,0.23232995
1092,0,0.17332982
1093,0,0.192384
1094,0,0.19978254
1095,0,0.18756601
1096,0,0.18077716
1097,0,0.23159598
1098,0,0.18708825
1099,0,0.17882042
1100,0,0.24638924
1101,0,0.23372905
1102,0,0.1455571
1103,0,0.23171425
1104,0,0.12798211
1105,0,0.2057997
1106,0,0.21840398
1107,0,0.15772991
1108,0,0.25568032
1109,0,0.1256882
1110,0,0.21907184
1111,0,0.12744066
1112,0,0.22995667
1113,0,0.2463052
1114,0,0.18743956
1115,0,0.24078467
1116,0,0.22861803
1117,0,0.2156955
1118,0,0.23259477
1119,0,0.20549226
1120,0,0.13198292
1121,0,0.22824894
1122,0,0.21748798
1123,0,0.24488044
1124,0,0.22629265
1125,0,0.15574464
1126,0,0.15665016
1127,0,0.16645478
1128,0,0.17244951
1129,0,0.18262684
1130,0,0.23409872
1131,0,0.08054364
1132,0,0.19390522
1133,0,0.2299406
1134,0,0.14602008
1135,0,0.21482043
1136,0,0.15800995
1137,0,0.15126579
1138,0,0.2621549
1139,0,0.17392616
1140,0,0.19012962
1141,0,0.18097536
1142,0,0.21326987
1143,0,0.16892336
1144,0,0.20132047
1145,0,0.24202669
1146,0,0.15817943
1147,0,0.20095679
1148,0,0.19316897
1149,0,0.16288736
1150,0,0.16337451
1151,0,0.21746364
1152,0,0.20289403
1153,0,0.210339
1154,0,0.24227041
1155,0,0.2269094
1156,0,0.2350044
1157,0,0.2114033
1158,0,0.22396044
1159,0,0.1677815
1160,0,0.21197848
1161,0,0.18301937
1162,0,0.1446726
1163,0,0.17900068
1164,0,0.14344853
1165,0,0.21778786
1166,0,0.2151839
1167,0,0.24223326
1168,0,0.25859618
1169,0,0.23454782
1170,0,0.20211802
1171,0,0.18753915
1172,0,0.18658994
1173,0,0.22810298
1174,0,0.21152318
1175,0,0.18178825
1176,0,0.170637
1177,0,0.13772532
1178,0,0.14271107
1179,0,0.22142288
1180,0,0.18299322
1181,0,0.23443192
1182,0,0.19395992
1183,0,0.18137065
1184,0,0.32310924
1185,0,0.18803284
1186,0,0.19151363
1187,0,0.1376823
1188,0,0.17635076
1189,0,0.21819332
1190,0,0.12913114
1191,0,0.19873612
1192,0,0.16944548
1193,0,0.22333586
1194,0,0.13786733
1195,0,0.20414148
1196,0,0.19282672
1197,0,0.17955463
1198,0,0.22164665
1199,0,0.1999144
1200,0,0.27979687
1201,0,0.21294914
1202,0,0.24375239
1203,0,0.18169788
1204,0,0.23149788
1205,0,0.21646279
1206,0,0.17374611
1207,0,0.1785002
1208,0,0.15074399
1209,0,0.26067874
1210,0,0.19581583
1211,0,0.14039746
1212,0,0.19122028
1213,0,0.22453497
1214,0,0.22427008
1215,0,0.16917291
1216,0,0.2171676
1217,0,0.20121989
1218,0,0.1415093
1219,0,0.2313522
1220,0,0.15201639
1221,0,0.24178563
1222,0,0.1875794
1223,0,0.15424298
1224,0,0.13019541
1225,0,0.14187871
1226,0,0.243721
1227,0,0.21003267
1228,0,0.18055275
1229,0,0.1903576
1230,0,0.19110958
1231,0,0.11594062
1232,0,0.21670234
1233,0,0.12567905
1234,0,0.15485936
1235,0,0.22129068
1236,0,0.14824769
1237,0,0.19464496
1238,0,0.23858498
1239,0,0.19816366
1240,0,0.20797142
1241,0,0.21887194
1242,0,0.21790794
1243,0,0.18840925
1244,0,0.19012451
1245,0,0.20716769
1246,0,0.2398303
1247,0,0.19209278
1248,0,0.17465907
1249,0,0.13151944
1250,0,0.2229918
1251,0,0.19927178
1252,0,0.19822538
1253,0,0.21195178
1254,0,0.20228267
1255,0,0.13391113
1256,0,0.18090469
1257,0,0.19166094
1258,0,0.28968582
1259,0,0.17023519
1260,0,0.17747673
1261,0,0.20942658
1262,0,0.21800551
1263,0,0.10203107
1264,0,0.18541804
1265,0,0.19843435
1266,0,0.20617199
1267,0,0.12762375
1268,0,0.10807078
1269,0,0.16469067
1270,0,0.15748182
1271,0,0.18848406
1272,0,0.22455756
1273,0,0.22568958
1274,0,0.20524853
1275,0,0.21166913
1276,0,0.11756027
1277,0,0.17103675
1278,0,0.2737149
1279,0,0.17319845
1280,0,0.2110186
1281,0,0.16023947
1282,0,0.245813
1283,0,0.192874
1284,0,0.1857974
1285,0,0.117084995
1286,0,0.19544542
1287,0,0.25473326
1288,0,0.1904229
1289,0,0.1958205
1290,0,0.16191557
1291,0,0.25066024
1292,0,0.21037567
1293,0,0.15101036
1294,0,0.19216561
1295,0,0.19534749
1296,0,0.19580178
1297,0,0.17711532
1298,0,0.18142542
1299,0,0.19739264
1300,0,0.19416384
1301,0,0.21599686
1302,0,0.23077397
1303,0,0.17879084
1304,0,0.17384854
1305,0,0.15989183
1306,0,0.23828682
1307,0,0.15757094
1308,0,0.19427335
1309,0,0.1613212
1310,0,0.23546591
1311,0,0.16533877
1312,0,0.26019943
1313,0,0.16872758
1314,0,0.24831435
1315,0,0.24093512
1316,0,0.18489419
1317,0,0.20740062
1318,0,0.16774802
1319,0,0.23633009
1320,0,0.18974978
1321,0,0.27084637
1322,0,0.24154711
1323,0,0.18656969
1324,0,0.21387403
1325,0,0.26064304
1326,0,0.17942433
1327,0,0.1498945
1328,0,0.24835956
1329,0,0.2458037
1330,0,0.22130637
1331,0,0.24555272
1332,0,0.24028015
1333,0,0.18785374
1334,0,0.22776257
1335,0,0.23706874
1336,0,0.17477147
1337,0,0.25363842
1338,0,0.15602258
1339,0,0.22522521
1340,0,0.20574276
1341,0,0.16492519
1342,0,0.1554241
1343,0,0.2477505
1344,0,0.15657046
1345,0,0.15364152
1346,0,0.16456237
1347,0,0.29121572
1348,0,0.06766661
1349,0,0.15745178
1350,0,0.17632477
1351,0,0.21949008
1352,0,0.18669748
1353,0,0.19738969
1354,0,0.2267513
1355,0,0.1985738
1356,0,0.16892383
1357,0,0.17718145
1358,0,0.22220075
1359,0,0.15130268
1360,0,0.31705448
1361,0,0.15681708
1362,0,0.18059841
1363,0,0.19696294
1364,0,0.1752401
1365,0,0.19405127
1366,0,0.2645044
1367,0,0.2175268
1368,0,0.14275119
1369,0,0.23587708
1370,0,0.18404369
1371,0,0.186174
1372,0,0.21876848
1373,0,0.1605632
1374,0,0.18452005
1375,0,0.21262072
1376,0,0.15650319
1377,0,0.16185227
1378,0,0.22490945
1379,0,0.21820548
1380,0,0.14698054
1381,0,0.17337427
1382,0,0.19513974
1383,0,0.193901
1384,0,0.278454
1385,0,0.245525
1386,0,0.1999534
1387,0,0.1684146
1388,0,0.23649119
1389,0,0.25494272
1390,0,0.18803817
1391,0,0.19513273
1392,0,0.25260806
1393,0,0.16391906
1394,0,0.17760581
1395,0,0.1746522
1396,0,0.27326453
1397,0,0.19059324
1398,0,0.19789979
1399,0,0.25290123
1400,0,0.1941766
1401,0,0.1630477
1402,0,0.19637683
1403,0,0.26509303
1404,0,0.23879236
1405,0,0.29220715
1406,0,0.259784
1407,0,0.2725519
1408,0,0.17997545
1409,0,0.24774341
1410,0,0.22646295
1411,0,0.19294357
1412,0,0.15403964
1413,0,0.15938893
1414,0,0.23538867
1415,0,0.12845449
1416,0,0.2941313
1417,0,0.17479828
1418,0,0.25959897
1419,0,0.16148862
1420,0,0.21438293
1421,0,0.18759835
1422,0,0.21706478
1423,0,0.22546062
1424,0,0.2007941
1425,0,0.2244619
1426,0,0.19388497
1427,0,0.13952969
1428,0,0.18510708
1429,0,0.21232095
1430,0,0.2017771
1431,0,0.2108802
1432,0,0.19223383
1433,0,0.14257374
1434,0,0.241729
1435,0,0.23304155
1436,0,0.22856
1437,0,0.21699595
1438,0,0.2052059
1439,0,0.22214667
1440,0,0.17347401
1441,0,0.20158255
1442,0,0.21068738
1443,0,0.1732655
1444,0,0.17310092
1445,0,0.21791005
1446,0,0.2384067
1447,0,0.18328361
1448,0,0.25130185
1449,0,0.20175974
1450,0,0.19427416
1451,0,0.17360792
1452,0,0.13671684
1453,0,0.211426
1454,0,0.18834613
1455,0,0.2294442
1456,0,0.1353871
1457,0,0.17765093
1458,0,0.13640133
1459,0,0.16517696
1460,0,0.19640687
1461,0,0.21727572
1462,0,0.20061871
1463,0,0.19726753
1464,0,0.1806761
1465,0,0.20772445
1466,0,0.16720825
1467,0,0.1610601
1468,0,0.24633595
1469,0,0.20939076
1470,0,0.1909396
1471,0,0.1877021
1472,0,0.16446447
1473,0,0.15852182
1474,0,0.20553009
1475,0,0.25893098
1476,0,0.22835279
1477,0,0.25156134
1478,0,0.18963084
1479,0,0.1213302
1480,0,0.13297038
1481,0,0.21989498
1482,0,0.23750189
1483,0,0.2374892
1484,0,0.17605554
1485,0,0.16762519
1486,0,0.26702124
1487,0,0.215964
1488,0,0.19975422
1489,0,0.23884952
1490,0,0.16416052
1491,0,0.14592873
1492,0,0.28290895
1493,0,0.25230777
1494,0,0.16818073
1495,0,0.22632608
1496,0,0.1424715
1497,0,0.22637528
1498,0,0.21714018
1499,0,0.22910652
1500,0,0.18440543
1501,0,0.1498134
1502,0,0.21335207
1503,0,0.14659469
1504,0,0.2644952
1505,0,0.14414066
1506,0,0.2002412
1507,0,0.13074923
1508,0,0.21556908
1509,0,0.1786035
1510,0,0.18408422
1511,0,0.12687561
1512,0,0.20700175
1513,0,0.2254713
1514,0,0.23644349
1515,0,0.17675976
1516,0,0.13926859
1517,0,0.20967478
1518,0,0.1964474
1519,0,0.21338014
1520,0,0.18684542
1521,0,0.1740462
1522,0,0.17889619
1523,0,0.18295717
1524,0,0.23245971
1525,0,0.23511744
1526,0,0.17754738
1527,0,0.2430929
1528,0,0.2629596
1529,0,0.2099825
1530,0,0.18032251
1531,0,0.2344929
1532,0,0.20426968
1533,0,0.14751306
1534,0,0.20516413
1535,0,0.19327238
1536,0,0.2131006
1537,0,0.2762672
1538,0,0.22120023
1539,0,0.20048569
1540,0,0.18804088
1541,0,0.24964748
1542,0,0.20888399
1543,0,0.19286641
1544,0,0.20930514
1545,0,0.19751114
1546,0,0.20590267
1547,0,0.24792688
1548,0,0.15572515
1549,0,0.17972901
1550,0,0.19313829
1551,0,0.25768474
1552,0,0.26513925
1553,0,0.12860087
1554,0,0.20774107
1555,0,0.23707418
1556,0,0.12128066
1557,0,0.2622832
1558,0,0.21762726
1559,0,0.26246855
1560,0,0.23784718
1561,0,0.2367338
1562,0,0.1865373
1563,0,0.16147497
1564,0,0.18791151
1565,0,0.30469197
1566,0,0.22853498
1567,0,0.1523233
1568,0,0.19183698
1569,0,0.18754852
1570,0,0.20485994
1571,0,0.1850472
1572,0,0.13543029
1573,0,0.18207595
1574,0,0.20281689
1575,0,0.17229687
1576,0,0.20390229
1577,0,0.19056438
1578,0,0.17518626
1579,0,0.26301754
1580,0,0.13037983
1581,0,0.14813818
1582,0,0.2353887
1583,0,0.1852675
1584,0,0.20100087
1585,0,0.16114953
1586,0,0.19023214
1587,0,0.18747342
1588,0,0.17414775
1589,0,0.2610504
1590,0,0.20803693
1591,0,0.22334984
1592,0,0.25566715
1593,0,0.24803108
1594,0,0.22518569
1595,0,0.23830996
1596,0,0.117185764
1597,0,0.20970635
1598,0,0.2091429
1599,0,0.19878283
1600,0,0.18217371
1601,0,0.19518904
1602,0,0.075582966
1603,0,0.19640622
1604,0,0.19629137
1605,0,0.23212084
1606,0,0.147726
1607,0,0.2005679
1608,0,0.22404455
1609,0,0.23566878
1610,0,0.20700571
1611,0,0.1360346
1612,0,0.22606306
1613,0,0.26005444
1614,0,0.19685456
1615,0,0.2521167
1616,0,0.08856471
1617,0,0.2022293
1618,0,0.19185
1619,0,0.27492344
1620,0,0.09883043
1621,0,0.2439642
1622,0,0.2044175
1623,0,0.21708721
1624,0,0.15090144
1625,0,0.18411148
1626,0,0.1227425
1627,0,0.23487298
1628,0,0.15717968
1629,0,0.25844046
1630,0,0.13505936
1631,0,0.16125196
1632,0,0.13666463
1633,0,0.2340112
1634,0,0.20223126
1635,0,0.18549213
1636,0,0.19204572
1637,0,0.19806975
1638,0,0.2617473
1639,0,0.18791114
1640,0,0.21376765
1641,0,0.22370379
1642,0,0.2133854
1643,0,0.1434825
1644,0,0.2282124
1645,0,0.17347078
1646,0,0.19264536
1647,0,0.2151088
1648,0,0.18610927
1649,0,0.18443087
1650,0,0.25347072
1651,0,0.17027974
1652,0,0.1742103
1653,0,0.213235
1654,0,0.23758678
1655,0,0.21673393
1656,0,0.20444076
1657,0,0.26958147
1658,0,0.18106078
1659,0,0.23490396
1660,0,0.24433815
1661,0,0.17735788
1662,0,0.16934162
1663,0,0.14827038
1664,0,0.18259686
1665,0,0.22877142
1666,0,0.195168
1667,0,0.14697799
1668,0,0.25076866
1669,0,0.2503917
1670,0,0.16319314
1671,0,0.17125899
1672,0,0.22948894
1673,0,0.18067595
1674,0,0.220267
1675,0,0.18701038
1676,0,0.2337707
1677,0,0.22848937
1678,0,0.20645213
1679,0,0.22317934
1680,0,0.21304229
1681,0,0.12094754
1682,0,0.18793058
1683,0,0.16716628
1684,0,0.16764861
1685,0,0.2233527
1686,0,0.22661518
1687,0,0.21262318
1688,0,0.22884405
1689,0,0.25180146
1690,0,0.21980166
1691,0,0.18799649
1692,0,0.2660161
1693,0,0.17545909
1694,0,0.2151624
1695,0,0.10562577
1696,0,0.12783992
1697,0,0.14808445
1698,0,0.2106149
1699,0,0.15548305
1700,0,0.2535653
1701,0,0.23424199
1702,0,0.17894498
1703,0,0.17197745
1704,0,0.17396395
1705,0,0.27757347
1706,0,0.2528017
1707,0,0.13256998
1708,0,0.26813722
1709,0,0.22815195
1710,0,0.20918839
1711,0,0.18828087
1712,0,0.13535461
1713,0,0.16909914
1714,0,0.22279327
1715,0,0.16713494
1716,0,0.16446504
1717,0,0.2169026
1718,0,0.23339057
1719,0,0.24925771
1720,0,0.17421183
1721,0,0.28896344
1722,0,0.17893313
1723,0,0.14483085
1724,0,0.16377835
1725,0,0.2132269
1726,0,0.21224236
1727,0,0.21023414
1728,0,0.20146793
1729,0,0.21879917
1730,0,0.20645186
1731,0,0.1613909
1732,0,0.16306342
1733,0,0.2239537
1734,0,0.21089914
1735,0,0.24450672
1736,0,0.19217497
1737,0,0.20310509
1738,0,0.25305742
1739,0,0.19471912
1740,0,0.1799972
1741,0,0.2013549
1742,0,0.1916444
1743,0,0.21870306
1744,0,0.14156878
1745,0,0.09290479
1746,0,0.2336844
1747,0,0.14867543
1748,0,0.16649225
1749,0,0.29293978
1750,0,0.19782905
1751,0,0.23512612
1752,0,0.24101135
1753,0,0.2242504
1754,0,0.25334176
1755,0,0.18622683
1756,0,0.25132215
1757,0,0.18315749
1758,0,0.17735717
1759,0,0.20348094
1760,0,0.18837821
1761,0,0.17261551
1762,0,0.21130478
1763,0,0.16440319
1764,0,0.15607482
1765,0,0.29578578
1766,0,0.30044717
1767,0,0.24524574
1768,0,0.13611329
1769,0,0.19816336
1770,0,0.17073755
1771,0,0.25711775
1772,0,0.1739559
1773,0,0.205361
1774,0,0.23463655
1775,0,0.23236331
1776,0,0.19785166
1777,0,0.22542936
1778,0,0.22705513
1779,0,0.22358482
1780,0,0.19420396
1781,0,0.19253318
1782,0,0.21766031
1783,0,0.18024945
1784,0,0.15795362
1785,0,0.23089394
1786,0,0.22118056
1787,0,0.05858679
1788,0,0.23185891
1789,0,0.23021194
1790,0,0.19132093
1791,0,0.12121254
1792,0,0.19514541
1793,0,0.13618475
1794,0,0.16748825
1795,0,0.24073693
1796,0,0.18708631
1797,0,0.21513882
1798,0,0.12699966
1799,0,0.21263425
1800,0,0.22990227
1801,0,0.17383415
1802,0,0.13736394
1803,0,0.14269185
1804,0,0.2113149
1805,0,0.17295049
1806,0,0.23934367
1807,0,0.18869713
1808,0,0.13388115
1809,0,0.16189133
1810,0,0.15584978
1811,0,0.20033666
1812,0,0.23787598
1813,0,0.28972426
1814,0,0.16071248
1815,0,0.17794102
1816,0,0.1506497
1817,0,0.19582747
1818,0,0.20431995
1819,0,0.19667768
1820,0,0.1668753
1821,0,0.15336242
1822,0,0.2001165
1823,0,0.16205668
1824,0,0.21237688
1825,0,0.23314992
1826,0,0.21124086
1827,0,0.24277644
1828,0,0.17675555
1829,0,0.14714152
1830,0,0.26387882
1831,0,0.19906333
1832,0,0.1615648
1833,0,0.22693776
1834,0,0.21800974
1835,0,0.15616062
1836,0,0.15947652
1837,0,0.20283006
1838,0,0.26318884
1839,0,0.21539637
1840,0,0.19793616
1841,0,0.19023699
1842,0,0.12356365
1843,0,0.26102751
1844,0,0.19756638
1845,0,0.24202126
1846,0,0.14814441
1847,0,0.3140133
1848,0,0.23514304
1849,0,0.17689884
1850,0,0.16483305
1851,0,0.17852502
1852,0,0.2969353
1853,0,0.19066165
1854,0,0.17056262
1855,0,0.2596475
1856,0,0.18155837
1857,0,0.19688821
1858,0,0.20075804
1859,0,0.1364231
1860,0,0.17946455
1861,0,0.17682046
1862,0,0.12105325
1863,0,0.16042055
1864,0,0.2705658
1865,0,0.23787479
1866,0,0.19306618
1867,0,0.25768918
1868,0,0.14705357
1869,0,0.26142323
1870,0,0.19438301
1871,0,0.14511453
1872,0,0.1803535
1873,0,0.20535973
1874,0,0.10159497
1875,0,0.2519355
1876,0,0.20585774
1877,0,0.14426802
1878,0,0.15426037
1879,0,0.21815304
1880,0,0.27214375
1881,0,0.20996425
1882,0,0.18546745
1883,0,0.19725361
1884,0,0.13307312
1885,0,0.13555074
1886,0,0.23221892
1887,0,0.12529816
1888,0,0.17514436
1889,0,0.20772994
1890,0,0.22148728
1891,0,0.18202972
1892,0,0.22809176
1893,0,0.101667956
1894,0,0.15166207
1895,0,0.32098114
1896,0,0.13734524
1897,0,0.24123454
1898,0,0.15457398
1899,0,0.15641637
1900,0,0.23268735
1901,0,0.2461847
1902,0,0.15908155
1903,0,0.20046028
1904,0,0.20239894
1905,0,0.19408926
1906,0,0.18249533
1907,0,0.17019728
1908,0,0.16651776
1909,0,0.2298485
1910,0,0.24102072
1911,0,0.18579769
1912,0,0.23905858
1913,0,0.2411798
1914,0,0.18669991
1915,0,0.2589127
1916,0,0.12891182
1917,0,0.18908197
1918,0,0.19861251
1919,0,0.21412987
1920,0,0.16029432
1921,0,0.2058187
1922,0,0.17854723
1923,0,0.22021136
1924,0,0.20429628
1925,0,0.1441316
1926,0,0.15278505
1927,0,0.1471413
1928,0,0.18655655
1929,0,0.21054706
1930,0,0.24015957
1931,0,0.17976397
1932,0,0.2202497
1933,0,0.20501608
1934,0,0.2459862
1935,0,0.28545743
1936,0,0.17902979
1937,0,0.1468184
1938,0,0.18584475
1939,0,0.21363425
1940,0,0.14465456
1941,0,0.22251551
1942,0,0.21623129
1943,0,0.1970903
1944,0,0.24201918
1945,0,0.21453258
1946,0,0.2081912
1947,0,0.1960805
1948,0,0.27494434
1949,0,0.23101477
1950,0,0.20009302
1951,0,0.23463228
1952,0,0.2509569
1953,0,0.21938698
1954,0,0.24485931
1955,0,0.2429662
1956,0,0.13929468
1957,0,0.1644751
1958,0,0.18578802
1959,0,0.1838356
1960,0,0.1535026
1961,0,0.18027043
1962,0,0.18270579
1963,0,0.13088909
1964,0,0.18547606
1965,0,0.19548917
1966,0,0.22448346
1967,0,0.16111182
1968,0,0.267004
1969,0,0.18568039
1970,0,0.22011483
1971,0,0.21420729
1972,0,0.23843285
1973,0,0.17092535
1974,0,0.16243872
1975,0,0.14447993
1976,0,0.2353565
1977,0,0.22066133
1978,0,0.17655407
1979,0,0.20112622
1980,0,0.22147326
1981,0,0.18036538
1982,0,0.17797613
1983,0,0.178379
1984,0,0.227083
1985,0,0.18845475
1986,0,0.12285784
1987,0,0.24781643
1988,0,0.23567069
1989,0,0.27088615
1990,0,0.17943823
1991,0,0.20340574
1992,0,0.19030485
1993,0,0.25963873
1994,0,0.19464052
1995,0,0.22651133
1996,0,0.19696009
1997,0,0.19529212
1998,0,0.21651301
1999,0,0.25030345
2000,0,0.25030345
2001,0,0.17897265
2002,0,0.16695601
2003,0,0.17658184
2004,0,0.19443332
2005,0,0.21919167
2006,0,0.22587173
2007,0,0.14586152
2008,0,0.20373717
2009,0,0.17207175
2010,0,0.16893023
2011,0,0.24253899
2012,0,0.18904245
2013,0,0.19190136
2014,0,0.21979058
2015,0,0.22508787
2016,0,0.198266
2017,0,0.24701855
2018,0,0.184441
2019,0,0.1704871
2020,0,0.23170692
2021,0,0.17999929
2022,0,0.24639969
2023,0,0.1708539
2024,0,0.16303594
2025,0,0.26359698
2026,0,0.21251433
2027,0,0.2320023
2028,0,0.21226776
2029,0,0.21490717
2030,0,0.17319398
2031,0,0.22884238
2032,0,0.17301181
2033,0,0.17479965
2034,0,0.16737315
2035,0,0.18818693
2036,0,0.21859711
2037,0,0.2088032
2038,0,0.21533838
2039,0,0.17057192
2040,0,0.25115162
2041,0,0.29860103
2042,0,0.17537409
2043,0,0.18326478
2044,0,0.13483751
2045,0,0.23471665
2046,0,0.20390424
2047,0,0.1764003
2048,0,0.14406268
2049,0,0.27975982
2050,0,0.08558001
2051,0,0.18598424
2052,0,0.18057941
2053,0,0.20994781
2054,0,0.1772248
2055,0,0.16220263
2056,0,0.16596487
2057,0,0.25160164
2058,0,0.24211928
2059,0,0.21138254
2060,0,0.26764154
2061,0,0.21572635
2062,0,0.120651536
2063,0,0.26217398
2064,0,0.136705
2065,0,0.17562568
2066,0,0.1949533
2067,0,0.2839607
2068,0,0.1946132
2069,0,0.23676066
2070,0,0.20789465
2071,0,0.19056776
2072,0,0.12209773
2073,0,0.21871917
2074,0,0.20876198
2075,0,0.13165137
2076,0,0.16943467
2077,0,0.20820622
2078,0,0.1739214
2079,0,0.2581493
2080,0,0.1940352
2081,0,0.10731347
2082,0,0.2060012
2083,0,0.24900442
2084,0,0.17946243
2085,0,0.26131293
2086,0,0.26117098
2087,0,0.17743306
2088,0,0.25198653
2089,0,0.20706308
2090,0,0.27758336
2091,0,0.18481009
2092,0,0.10635822
2093,0,0.24588606
2094,0,0.24835962
2095,0,0.16978537
2096,0,0.18208194
2097,0,0.20673102
2098,0,0.22729771
2099,0,0.22716063
2100,0,0.21192865
2101,0,0.28929675
2102,0,0.12598597
2103,0,0.19650605
2104,0,0.15768455
2105,0,0.2075396
2106,0,0.20089751
2107,0,0.16812977
2108,0,0.20053318
2109,0,0.2059996
2110,0,0.16815369
2111,0,0.18856893
2112,0,0.20647155
2113,0,0.23738568
2114,0,0.26198694
2115,0,0.23088339
2116,0,0.21866855
2117,0,0.22343974
2118,0,0.13626444
2119,0,0.17817447
2120,0,0.21814589
2121,0,0.20453069
2122,0,0.17359552
2123,0,0.17332749
2124,0,0.17608076
2125,0,0.131946
2126,0,0.17972824
2127,0,0.1953578
2128,0,0.24492036
2129,0,0.12618983
2130,0,0.13160768
2131,0,0.15057072
2132,0,0.223949
2133,0,0.19144422
2134,0,0.21374741
2135,0,0.2317482
2136,0,0.26617944
2137,0,0.12652326
2138,0,0.22309029
2139,0,0.30636144
2140,0,0.19130945
2141,0,0.17165095
2142,0,0.12731455
2143,0,0.21955866
2144,0,0.21429488
2145,0,0.23062007
2146,0,0.16327673
2147,0,0.12831444
2148,0,0.2706173
2149,0,0.14886074
2150,0,0.21423161
2151,0,0.21442959
2152,0,0.21372303
2153,0,0.22602046
2154,0,0.2759851
2155,0,0.149594
2156,0,0.2221913
2157,0,0.24280629
2158,0,0.18580294
2159,0,0.20256615
2160,0,0.16720623
2161,0,0.18501115
2162,0,0.21502784
2163,0,0.22580314
2164,0,0.13826369
2165,0,0.21043661
2166,0,0.2335528
2167,0,0.228218
2168,0,0.19330925
2169,0,0.21561417
2170,0,0.18519533
2171,0,0.16328484
2172,0,0.25908774
2173,0,0.20605934
2174,0,0.241701
2175,0,0.17242268
2176,0,0.16568898
2177,0,0.23219186
2178,0,0.1902008
2179,0,0.15900709
2180,0,0.18059838
2181,0,0.1794297
2182,0,0.18282548
2183,0,0.20596139
2184,0,0.16654377
2185,0,0.19504403
2186,0,0.22202006
2187,0,0.16101164
2188,0,0.24801469
2189,0,0.17698327
2190,0,0.20351712
2191,0,0.22621357
2192,0,0.23792744
2193,0,0.1649239
2194,0,0.17537522
2195,0,0.22367178
2196,0,0.16511172
2197,0,0.18282846
2198,0,0.22063592
2199,0,0.2423554
2200,0,0.19049746
2201,0,0.17662907
2202,0,0.17795907
2203,0,0.19321534
2204,0,0.21530375
2205,0,0.24061666
2206,0,0.17591268
2207,0,0.23283157
2208,0,0.17315595
2209,0,0.12823495
2210,0,0.15639007
2211,0,0.20193712
2212,0,0.18845557
2213,0,0.18317579
2214,0,0.14610347
2215,0,0.22581673
2216,0,0.16258864
2217,0,0.24045835
2218,0,0.22225545
2219,0,0.18499313
2220,0,0.1921685
2221,0,0.16137901
2222,0,0.18642275
2223,0,0.19176838
2224,0,0.20071563
2225,0,0.19523625
2226,0,0.1752395
2227,0,0.23936865
2228,0,0.21570027
2229,0,0.21370229
2230,0,0.2699714
2231,0,0.14629558
2232,0,0.1730333
2233,0,0.14554814
2234,0,0.2286399
2235,0,0.12934926
2236,0,0.18792133
2237,0,0.21366136
2238,0,0.22220135
2239,0,0.18801396
2240,0,0.22060041
2241,0,0.19255477
2242,0,0.26615012
2243,0,0.16404903
2244,0,0.20608792
2245,0,0.15162319
2246,0,0.20167005
2247,0,0.19456677
2248,0,0.14891784
2249,0,0.11821397
2250,0,0.14412051
2251,0,0.16725343
2252,0,0.23978756
2253,0,0.27675697
2254,0,0.23379552
2255,0,0.23433146
2256,0,0.19869332
2257,0,0.24485871
2258,0,0.2381047
2259,0,0.09382601
2260,0,0.22859535
2261,0,0.19562972
2262,0,0.17435335
2263,0,0.21737382
2264,0,0.17071828
2265,0,0.17467332
2266,0,0.19338584
2267,0,0.26688057
2268,0,0.15207137
2269,0,0.22808282
2270,0,0.1985744
2271,0,0.23348606
2272,0,0.21430045
2273,0,0.11404021
2274,0,0.21431059
2275,0,0.19694893
2276,0,0.19836323
2277,0,0.20857911
2278,0,0.13822341
2279,0,0.26952356
2280,0,0.16011184
2281,0,0.2076219
2282,0,0.12440072
2283,0,0.24729481
2284,0,0.22737294
2285,0,0.20838885
2286,0,0.34371573
2287,0,0.15535472
2288,0,0.19369066
2289,0,0.24505019
2290,0,0.18147409
2291,0,0.122848175
2292,0,0.18141937
2293,0,0.2607416
2294,0,0.18583864
2295,0,0.1471543
2296,0,0.250957
2297,0,0.19070593
2298,0,0.2661524
2299,0,0.23084575
2300,0,0.16324425
2301,0,0.21795475
2302,0,0.14882348
2303,0,0.20732519
2304,0,0.21420702
2305,0,0.15084817
2306,0,0.1743918
2307,0,0.16810423
2308,0,0.25335556
2309,0,0.16148973
2310,0,0.23557764
2311,0,0.22829685
2312,0,0.12995179
2313,0,0.17178771
2314,0,0.1484608
2315,0,0.19292688
2316,0,0.1773068
2317,0,0.19336906
2318,0,0.19328901
2319,0,0.19006424
2320,0,0.21564865
2321,0,0.14689046
2322,0,0.2458375
2323,0,0.16663113
2324,0,0.20222816
2325,0,0.22966799
2326,0,0.18760012
2327,0,0.14217678
2328,0,0.15940905
2329,0,0.17764318
2330,0,0.25011098
2331,0,0.24544272
2332,0,0.16491094
2333,0,0.21976864
2334,0,0.22871374
2335,0,0.23571788
2336,0,0.15576647
2337,0,0.21390313
2338,0,0.18318109
2339,0,0.17766458
2340,0,0.24931256
2341,0,0.16802219
2342,0,0.1105065
2343,0,0.1980294
2344,0,0.20775914
2345,0,0.19525729
2346,0,0.22618327
2347,0,0.21753936
2348,0,0.17361979
2349,0,0.27163976
2350,0,0.19023126
2351,0,0.25517976
2352,0,0.24067673
2353,0,0.23335479
2354,0,0.1408149
2355,0,0.17029195
2356,0,0.2126238
2357,0,0.21848053
2358,0,0.16472596
2359,0,0.1388413
2360,0,0.14726575
2361,0,0.12614861
2362,0,0.22516537
2363,0,0.22786659
2364,0,0.23138887
2365,0,0.2463033
2366,0,0.18893015
2367,0,0.16985673
2368,0,0.16393813
2369,0,0.16493115
2370,0,0.21474187
2371,0,0.14616925
2372,0,0.16753396
2373,0,0.2711612
2374,0,0.19038026
2375,0,0.24088779
2376,0,0.08670431
2377,0,0.15773356
2378,0,0.10041871
2379,0,0.17285232
2380,0,0.20213225
2381,0,0.2454445
2382,0,0.18513392
2383,0,0.12713024
2384,0,0.2007283
2385,0,0.11915253
2386,0,0.2052931
2387,0,0.12446081
2388,0,0.17352265
2389,0,0.21429467
2390,0,0.17113945
2391,0,0.24270412
2392,0,0.17691636
2393,0,0.1748304
2394,0,0.27963433
2395,0,0.15947822
2396,0,0.23365805
2397,0,0.19347113
2398,0,0.20060828
2399,0,0.21594131
2400,0,0.21691787
2401,0,0.27594697
2402,0,0.18321978
2403,0,0.13364229
2404,0,0.18718898
2405,0,0.20184079
2406,0,0.18958879
2407,0,0.17560595
2408,0,0.16385569
2409,0,0.22633062
2410,0,0.11797365
2411,0,0.17682242
2412,0,0.24565932
2413,0,0.23891048
2414,0,0.22284138
2415,0,0.1553899
2416,0,0.17238113
2417,0,0.13964143
2418,0,0.13737899
2419,0,0.24486074
2420,0,0.15829764
2421,0,0.17982125
2422,0,0.124526165
2423,0,0.19407511
2424,0,0.26343796
2425,0,0.18846604
2426,0,0.17683385
2427,0,0.17986998
2428,0,0.15772113
2429,0,0.22802107
2430,0,0.20247528
2431,0,0.20523778
2432,0,0.14334694
2433,0,0.12877062
2434,0,0.17316687
2435,0,0.2034136
2436,0,0.22631793
2437,0,0.2735659
2438,0,0.12361919
2439,0,0.19729511
2440,0,0.1739299
2441,0,0.104055405
2442,0,0.21863209
2443,0,0.22163904
2444,0,0.22630477
2445,0,0.22715947
2446,0,0.23329198
2447,0,0.19673625
2448,0,0.16803098
2449,0,0.16706508
2450,0,0.22695766
2451,0,0.220427
2452,0,0.18557954
2453,0,0.13996795
2454,0,0.27201232
2455,0,0.20771655
2456,0,0.1809276
2457,0,0.16749828
2458,0,0.22126363
2459,0,0.20331374
2460,0,0.20790195
2461,0,0.0913533
2462,0,0.22373784
2463,0,0.21017584
2464,0,0.15497564
2465,0,0.19143736
2466,0,0.22093265
2467,0,0.2032666
2468,0,0.20707393
2469,0,0.12199324
2470,0,0.16506675
2471,0,0.22173941
2472,0,0.21632002
2473,0,0.25444183
2474,0,0.19910918
2475,0,0.189268
2476,0,0.13002884
2477,0,0.16335806
2478,0,0.21539727
2479,0,0.21008274
2480,0,0.117827475
2481,0,0.1970098
2482,0,0.19595969
2483,0,0.18622312
2484,0,0.22049937
2485,0,0.20470457
2486,0,0.17839365
2487,0,0.21259797
2488,0,0.2092708
2489,0,0.20061558
2490,0,0.16007996
2491,0,0.21400921
2492,0,0.2072154
2493,0,0.21218988
2494,0,0.20554481
2495,0,0.21090221
2496,0,0.15485744
2497,0,0.16554508
2498,0,0.1970182
2499,0,0.23281495
2500,0,0.20719914
2501,0,0.21104357
2502,0,0.14649203
2503,0,0.18758695
2504,0,0.30414453
2505,0,0.1371404
2506,0,0.14569119
2507,0,0.18791339
2508,0,0.11709881
2509,0,0.23004185
2510,0,0.18569277
2511,0,0.182559
2512,0,0.1942749
2513,0,0.19376467
2514,0,0.2688542
2515,0,0.21523033
2516,0,0.2362902
2517,0,0.19226262
2518,0,0.15124556
2519,0,0.21266335
2520,0,0.18222618
2521,0,0.19515201
2522,0,0.16145341
2523,0,0.19107088
2524,0,0.19122903
2525,0,0.11883406
2526,0,0.2998911
2527,0,0.17775404
2528,0,0.18337047
2529,0,0.13653843
2530,0,0.24407618
2531,0,0.22108099
2532,0,0.16291502
2533,0,0.16361426
2534,0,0.18978374
2535,0,0.19728218
2536,0,0.16222027
2537,0,0.21011882
2538,0,0.214589
2539,0,0.11103501
2540,0,0.239726
2541,0,0.15468106
2542,0,0.20444825
2543,0,0.16169026
2544,0,0.17656648
2545,0,0.13948673
2546,0,0.1958161
2547,0,0.2218692
2548,0,0.19853497
2549,0,0.1483824
2550,0,0.25264475
2551,0,0.27427334
2552,0,0.21239094
2553,0,0.22689894
2554,0,0.29458016
2555,0,0.18989956
2556,0,0.21849996
2557,0,0.20121741
2558,0,0.1354242
2559,0,0.17508762
2560,0,0.26324856
2561,0,0.24468307
2562,0,0.19747858
2563,0,0.13631421
2564,0,0.239781
2565,0,0.15731719
2566,0,0.20719878
2567,0,0.1856783
2568,0,0.20798293
2569,0,0.12614982
2570,0,0.20440917
2571,0,0.22033525
2572,0,0.2273147
2573,0,0.22342125
2574,0,0.09035026
2575,0,0.21252993
2576,0,0.17224352
2577,0,0.19241405
2578,0,0.19055629
2579,0,0.1336421
2580,0,0.22161439
2581,0,0.1997565
2582,0,0.16324362
2583,0,0.22983353
2584,0,0.16201538
2585,0,0.23105852
2586,0,0.22073022
2587,0,0.23929857
2588,0,0.1808155
2589,0,0.22292095
2590,0,0.15309164
2591,0,0.18392825
2592,0,0.19500932
2593,0,0.21127252
2594,0,0.28652197
2595,0,0.18007633
2596,0,0.18769303
2597,0,0.20300673
2598,0,0.15530267
2599,0,0.20128976
2600,0,0.16369435
2601,0,0.26492897
2602,0,0.15963447
2603,0,0.12641019
2604,0,0.2191149
2605,0,0.18782882
2606,0,0.24138194
2607,0,0.23694637
2608,0,0.093060404
2609,0,0.20744523
2610,0,0.20119357
2611,0,0.2218444
2612,0,0.23851918
2613,0,0.21111175
2614,0,0.12939617
2615,0,0.13562483
2616,0,0.21335375
2617,0,0.18115631
2618,0,0.15634644
2619,0,0.15988222
2620,0,0.18764827
2621,0,0.23447423
2622,0,0.22004783
2623,0,0.18810277
2624,0,0.1885216
2625,0,0.24241704
2626,0,0.17993239
2627,0,0.08728373
2628,0,0.2041987
2629,0,0.22515027
2630,0,0.2445041
2631,0,0.1613656
2632,0,0.18155059
2633,0,0.24218568
2634,0,0.1914029
2635,0,0.13891342
2636,0,0.16197382
2637,0,0.21519831
2638,0,0.17777179
2639,0,0.12644228
2640,0,0.22488242
2641,0,0.23804319
2642,0,0.27590925
2643,0,0.19762437
2644,0,0.20286193
2645,0,0.0836443
2646,0,0.20478332
2647,0,0.26017156
2648,0,0.19775617
2649,0,0.2829859
2650,0,0.19635034
2651,0,0.23152155
2652,0,0.16410318
2653,0,0.23449141
2654,0,0.11196521
2655,0,0.24019873
2656,0,0.17704996
2657,0,0.26348987
2658,0,0.15703294
2659,0,0.22445971
2660,0,0.16992536
2661,0,0.260107
2662,0,0.20332515
2663,0,0.23976216
2664,0,0.22132766
2665,0,0.19616655
2666,0,0.15273461
2667,0,0.24266553
2668,0,0.19795772
2669,0,0.20477961
2670,0,0.13003999
2671,0,0.22236721
2672,0,0.21364388
2673,0,0.16120128
2674,0,0.19285294
2675,0,0.19789526
2676,0,0.22097749
2677,0,0.21893477
2678,0,0.1930124
2679,0,0.18246554
2680,0,0.10980548
2681,0,0.2106059
2682,0,0.24710087
2683,0,0.30406204
2684,0,0.26039013
2685,0,0.15526436
2686,0,0.08716389
2687,0,0.2441361
2688,0,0.17986265
2689,0,0.23540807
2690,0,0.1230401
2691,0,0.2233598
2692,0,0.18038253
2693,0,0.22721985
2694,0,0.19655149
2695,0,0.111665264
2696,0,0.20741293
2697,0,0.15654549
2698,0,0.20204459
2699,0,0.14884353
2700,0,0.2029911
2701,0,0.23042774
2702,0,0.21313564
2703,0,0.23682594
2704,0,0.17429373
2705,0,0.17242226
2706,0,0.18173885
2707,0,0.26171413
2708,0,0.18242994
2709,0,0.2277014
2710,0,0.18782032
2711,0,0.18124044
2712,0,0.15792125
2713,0,0.16709676
2714,0,0.20951216
2715,0,0.16586372
2716,0,0.18958555
2717,0,0.22234538
2718,0,0.14800328
2719,0,0.17832969
2720,0,0.20349109
2721,0,0.1927868
2722,0,0.2182552
2723,0,0.31531158
2724,0,0.172095
2725,0,0.18919146
2726,0,0.25390154
2727,0,0.26795468
2728,0,0.14093766
2729,0,0.20479289
2730,0,0.17778224
2731,0,0.13441136
2732,0,0.284119
2733,0,0.08835743
2734,0,0.15864849
2735,0,0.17974374
2736,0,0.18920867
2737,0,0.20970643
2738,0,0.22695485
2739,0,0.25220695
2740,0,0.122648105
2741,0,0.1725991
2742,0,0.1855158
2743,0,0.171628
2744,0,0.178473
2745,0,0.18254766
2746,0,0.14207584
2747,0,0.18379313
2748,0,0.17605875
2749,0,0.2308445
2750,0,0.18490474
2751,0,0.20973328
2752,0,0.15994054
2753,0,0.2282245
2754,0,0.23159312
2755,0,0.20113622
2756,0,0.2063112
2757,0,0.2330941
2758,0,0.14752927
2759,0,0.21674602
2760,0,0.17394811
2761,0,0.15551996
2762,0,0.22285545
2763,0,0.13475111
2764,0,0.1887492
2765,0,0.20695439
2766,0,0.20404729
2767,0,0.1789562
2768,0,0.16662234
2769,0,0.2566527
2770,0,0.25887263
2771,0,0.23834793
2772,0,0.2356451
2773,0,0.19904034
2774,0,0.21926293
2775,0,0.2417363
2776,0,0.17735806
2777,0,0.19576328
2778,0,0.2140589
2779,0,0.14898327
2780,0,0.19541244
2781,0,0.24782085
2782,0,0.17827503
2783,0,0.2134323
2784,0,0.18554527
2785,0,0.18880592
2786,0,0.18083206
2787,0,0.20280406
2788,0,0.18098518
2789,0,0.17852001
2790,0,0.21304137
2791,0,0.20495829
2792,0,0.21279049
2793,0,0.18100962
2794,0,0.1744417
2795,0,0.21857834
2796,0,0.14967504
2797,0,0.15138417
2798,0,0.18232547
2799,0,0.17411554
2800,0,0.2085639
2801,0,0.16600713
2802,0,0.23102133
2803,0,0.2849475
2804,0,0.21561739
2805,0,0.16303238
2806,0,0.14743522
2807,0,0.13176735
2808,0,0.23366033
2809,0,0.21590959
2810,0,0.18495917
2811,0,0.18665221
2812,0,0.14495003
2813,0,0.19172059
2814,0,0.2559829
2815,0,0.17048499
2816,0,0.20594451
2817,0,0.18423824
2818,0,0.23202991
2819,0,0.16957891
2820,0,0.23868929
2821,0,0.2135112
2822,0,0.1718245
2823,0,0.09599023
2824,0,0.17548013
2825,0,0.22648595
2826,0,0.25447994
2827,0,0.21250662
2828,0,0.26039717
2829,0,0.23005742
2830,0,0.18281066
2831,0,0.16411775
2832,0,0.2545588
2833,0,0.21195035
2834,0,0.13644427
2835,0,0.1694805
2836,0,0.15782854
2837,0,0.21989793
2838,0,0.21934545
2839,0,0.23401813
2840,0,0.15767883
2841,0,0.21747518
2842,0,0.19903469
2843,0,0.1613081
2844,0,0.2505229
2845,0,0.23931718
2846,0,0.16825375
2847,0,0.24750529
2848,0,0.20841633
2849,0,0.21642749
2850,0,0.109671816
2851,0,0.13671102
2852,0,0.18211769
2853,0,0.13031399
2854,0,0.23713657
2855,0,0.12594645
2856,0,0.14374417
2857,0,0.20564064
2858,0,0.2873378
2859,0,0.21865433
2860,0,0.24589813
2861,0,0.12425383
2862,0,0.1636062
2863,0,0.24117951
2864,0,0.26639327
2865,0,0.17683807
2866,0,0.24344146
2867,0,0.17588204
2868,0,0.19467454
2869,0,0.24463622
2870,0,0.27396476
2871,0,0.22753936
2872,0,0.20484029
2873,0,0.13805857
2874,0,0.23191631
2875,0,0.17956841
2876,0,0.13418227
2877,0,0.19550174
2878,0,0.22923782
2879,0,0.25801805
2880,0,0.14415894
2881,0,0.1952102
2882,0,0.10854548
2883,0,0.23817953
2884,0,0.14965974
2885,0,0.16213495
2886,0,0.11449178
2887,0,0.12916858
2888,0,0.1300088
2889,0,0.21472597
2890,0,0.20199147
2891,0,0.16950282
2892,0,0.20497656
2893,0,0.21371713
2894,0,0.14936921
2895,0,0.13818294
2896,0,0.24306266
2897,0,0.20373285
2898,0,0.15468603
2899,0,0.25087544
2900,0,0.17624798
2901,0,0.15470581
2902,0,0.19351017
2903,0,0.16442457
2904,0,0.17719547
2905,0,0.19131646
2906,0,0.10461104
2907,0,0.18148404
2908,0,0.21569936
2909,0,0.16160093
2910,0,0.17771366
2911,0,0.23605719
2912,0,0.19010365
2913,0,0.24455093
2914,0,0.16264437
2915,0,0.17651448
2916,0,0.24227671
2917,0,0.23800582
2918,0,0.23042047
2919,0,0.2259072
2920,0,0.2611124
2921,0,0.1800947
2922,0,0.18752079
2923,0,0.21005166
2924,0,0.2475535
2925,0,0.19291179
2926,0,0.18558228
2927,0,0.20346622
2928,0,0.13538927
2929,0,0.13825607
2930,0,0.19308642
2931,0,0.22136605
2932,0,0.13249849
2933,0,0.24602388
2934,0,0.2202647
2935,0,0.19261776
2936,0,0.18199939
2937,0,0.20701036
2938,0,0.15273379
2939,0,0.18617412
2940,0,0.22758166
2941,0,0.18255304
2942,0,0.29035568
2943,0,0.19701907
2944,0,0.124234974
2945,0,0.16206838
2946,0,0.20222428
2947,0,0.23189005
2948,0,0.21525246
2949,0,0.16284457
2950,0,0.18872124
2951,0,0.25584146
2952,0,0.0895473
2953,0,0.22102377
2954,0,0.24705645
2955,0,0.119105384
2956,0,0.21362416
2957,0,0.18421721
2958,0,0.19485351
2959,0,0.18681966
2960,0,0.12896208
2961,0,0.18664014
2962,0,0.17542243
2963,0,0.16903429
2964,0,0.17074016
2965,0,0.23030403
2966,0,0.22496176
2967,0,0.14216428
2968,0,0.27090523
2969,0,0.15884048
2970,0,0.18265593
2971,0,0.23083787
2972,0,0.2124316
2973,0,0.16960981
2974,0,0.2615251
2975,0,0.21035646
2976,0,0.20142913
2977,0,0.24961028
2978,0,0.1846554
2979,0,0.16990319
2980,0,0.15933281
2981,0,0.17111915
2982,0,0.16691014
2983,0,0.090907335
2984,0,0.1686713
2985,0,0.21293628
2986,0,0.21150455
2987,0,0.14231303
2988,0,0.19151527
2989,0,0.14316934
2990,0,0.20221469
2991,0,0.17321
2992,0,0.22149238
2993,0,0.22949862
2994,0,0.18747774
2995,0,0.14022386
2996,0,0.19919941
2997,0,0.19071774
2998,0,0.1868366
2999,0,0.18631707
3000,0,0.20672604
3001,0,0.21402256
3002,0,0.22210562
3003,0,0.2350198
3004,0,0.20443964
3005,0,0.12792721
3006,0,0.21948275
3007,0,0.18366127
3008,0,0.096507
3009,0,0.09416328
3010,0,0.15912983
3011,0,0.20678799
3012,0,0.19701117
3013,0,0.12071677
3014,0,0.25540066
3015,0,0.1535747
3016,0,0.24324569
3017,0,0.20245087
3018,0,0.19568746
3019,0,0.1631269
3020,0,0.13177091
3021,0,0.17905645
3022,0,0.0770406
3023,0,0.22339666
3024,0,0.10456437
3025,0,0.19177791
3026,0,0.16362679
3027,0,0.23795265
3028,0,0.20164013
3029,0,0.17718302
3030,0,0.1637047
3031,0,0.24894911
3032,0,0.23822093
3033,0,0.2100437
3034,0,0.2330762
3035,0,0.13737299
3036,0,0.22876793
3037,0,0.23318836
3038,0,0.19098553
3039,0,0.14888155
3040,0,0.15305501
3041,0,0.123302564
3042,0,0.10037188
3043,0,0.15584657
3044,0,0.23293035
3045,0,0.21822926
3046,0,0.20153049
3047,0,0.16243432
3048,0,0.16372737
3049,0,0.2698385
3050,0,0.1929788
3051,0,0.12311518
3052,0,0.16317666
3053,0,0.21792889
3054,0,0.16622451
3055,0,0.21903282
3056,0,0.17562209
3057,0,0.22608912
3058,0,0.21238427
3059,0,0.23694216
3060,0,0.19581684
3061,0,0.18421787
3062,0,0.26247725
3063,0,0.22267877
3064,0,0.1588198
3065,0,0.15957704
3066,0,0.13313797
3067,0,0.11970194
3068,0,0.19755732
3069,0,0.24562964
3070,0,0.16646422
3071,0,0.23415849
3072,0,0.13221298
3073,0,0.24419829
3074,0,0.21318886
3075,0,0.12789078
3076,0,0.21082442
3077,0,0.20041999
3078,0,0.2074042
3079,0,0.16578628
3080,0,0.17868078
3081,0,0.18119322
3082,0,0.13670708
3083,0,0.26115382
3084,0,0.22692943
3085,0,0.19099014
3086,0,0.21868655
3087,0,0.1927242
3088,0,0.23732871
3089,0,0.17030072
3090,0,0.25101522
3091,0,0.15815818
3092,0,0.15862049
3093,0,0.20711009
3094,0,0.28020674
3095,0,0.17570822
3096,0,0.17940807
3097,0,0.29248285
3098,0,0.09089502
3099,0,0.20000856
3100,0,0.1661396
3101,0,0.23167226
3102,0,0.1822724
3103,0,0.17055392
3104,0,0.12149745
3105,0,0.19500618
3106,0,0.23733303
3107,0,0.1405142
3108,0,0.16486576
3109,0,0.2647509
3110,0,0.21558152
3111,0,0.18647951
3112,0,0.21103165
3113,0,0.12445174
3114,0,0.19231413
3115,0,0.14115486
3116,0,0.1966232
3117,0,0.17455971
3118,0,0.25833172
3119,0,0.18644014
3120,0,0.16365962
3121,0,0.22113192
3122,0,0.19697589
3123,0,0.2120382
3124,0,0.17557111
3125,0,0.13148752
3126,0,0.17993137
3127,0,0.192855
3128,0,0.17818385
3129,0,0.23838168
3130,0,0.13890323
3131,0,0.112317026
3132,0,0.27797186
3133,0,0.27114433
3134,0,0.17508118
3135,0,0.23442273
3136,0,0.17868887
3137,0,0.1726132
3138,0,0.1752073
3139,0,0.13166383
3140,0,0.26252756
3141,0,0.20668125
3142,0,0.17103766
3143,0,0.1607575
3144,0,0.20452313
3145,0,0.21015668
3146,0,0.11181538
3147,0,0.18206301
3148,0,0.22978626
3149,0,0.2079166
3150,0,0.24172829
3151,0,0.1649209
3152,0,0.22274499
3153,0,0.14046657
3154,0,0.19785163
3155,0,0.24170479
3156,0,0.24793789
3157,0,0.1945709
3158,0,0.139296
3159,0,0.1443539
3160,0,0.23089957
3161,0,0.21791103
3162,0,0.15125804
3163,0,0.21005842
3164,0,0.19434647
3165,0,0.14223053
3166,0,0.26508152
3167,0,0.1731342
3168,0,0.2782845
3169,0,0.22632866
3170,0,0.1729654
3171,0,0.18422225
3172,0,0.22260916
3173,0,0.19148767
3174,0,0.19878197
3175,0,0.15899906
3176,0,0.26387972
3177,0,0.19676088
3178,0,0.20657101
3179,0,0.23001681
3180,0,0.15512195
3181,0,0.14446393
3182,0,0.22375157
3183,0,0.1567348
3184,0,0.1978718
3185,0,0.1915929
3186,0,0.18031774
3187,0,0.1504305
3188,0,0.2064093
3189,0,0.18536203
3190,0,0.19212928
3191,0,0.16695976
3192,0,0.20132926
3193,0,0.18734145
3194,0,0.2853366
3195,0,0.20363037
3196,0,0.14916238
3197,0,0.20051694
3198,0,0.15934893
3199,0,0.26213768
3200,0,0.1252837
3201,0,0.24518077
3202,0,0.2177344
3203,0,0.15176064
3204,0,0.17467427
3205,0,0.16712868
3206,0,0.17777018
3207,0,0.13011031
3208,0,0.21464214
3209,0,0.16319992
3210,0,0.107230484
3211,0,0.17547515
3212,0,0.1996859
3213,0,0.16150375
3214,0,0.18431024
3215,0,0.21399836
3216,0,0.11601102
3217,0,0.18264388
3218,0,0.14826202
3219,0,0.18278265
3220,0,0.13735816
3221,0,0.21590316
3222,0,0.14181146
3223,0,0.26886195
3224,0,0.20473465
3225,0,0.19601932
3226,0,0.20277922
3227,0,0.13257113
3228,0,0.22250013
3229,0,0.2585442
3230,0,0.22874813
3231,0,0.17278121
3232,0,0.20617902
3233,0,0.22685449
3234,0,0.15292157
3235,0,0.10533163
3236,0,0.1999088
3237,0,0.23276743
3238,0,0.23590764
3239,0,0.1830136
3240,0,0.17098153
3241,0,0.13460964
3242,0,0.15154734
3243,0,0.21475232
3244,0,0.25410908
3245,0,0.17119628
3246,0,0.2165399
3247,0,0.2130419
3248,0,0.12024724
3249,0,0.2137577
3250,0,0.17610972
3251,0,0.17345995
3252,0,0.1739658
3253,0,0.22958755
3254,0,0.21605301
3255,0,0.20752373
3256,0,0.13626614
3257,0,0.1752309
3258,0,0.17051618
3259,0,0.1790251
3260,0,0.23431093
3261,0,0.19883025
3262,0,0.19236732
3263,0,0.22382402
3264,0,0.1725789
3265,0,0.1496022
3266,0,0.1899871
3267,0,0.17874861
3268,0,0.101472795
3269,0,0.22088805
3270,0,0.21921372
3271,0,0.26136374
3272,0,0.16512172
3273,0,0.1603873
3274,0,0.26481447
3275,0,0.100174785
3276,0,0.15233684
3277,0,0.2148529
3278,0,0.14912388
3279,0,0.17318544
3280,0,0.13559097
3281,0,0.21049222
3282,0,0.18548223
3283,0,0.1663917
3284,0,0.15137371
3285,0,0.17875442
3286,0,0.16063458
3287,0,0.1805865
3288,0,0.15992963
3289,0,0.24319826
3290,0,0.16850713
3291,0,0.23619843
3292,0,0.1962119
3293,0,0.2090582
3294,0,0.16324624
3295,0,0.21157315
3296,0,0.13565914
3297,0,0.171033
3298,0,0.20901978
3299,0,0.21188031
3300,0,0.13248922
3301,0,0.18415368
3302,0,0.20487624
3303,0,0.21126568
3304,0,0.15948133
3305,0,0.19618759
3306,0,0.20335361
3307,0,0.18431818
3308,0,0.180244
3309,0,0.24633026
3310,0,0.21934026
3311,0,0.15496843
3312,0,0.16511026
3313,0,0.22478358
3314,0,0.23625295
3315,0,0.20394759
3316,0,0.16413856
3317,0,0.18784611
3318,0,0.24542171
3319,0,0.23433733
3320,0,0.20123069
3321,0,0.2167022
3322,0,0.1683061
3323,0,0.2337482
3324,0,0.27648696
3325,0,0.18903993
3326,0,0.1643893
3327,0,0.14999469
3328,0,0.22231102
3329,0,0.1924595
3330,0,0.17960028
3331,0,0.193097
3332,0,0.20616579
3333,0,0.19339673
3334,0,0.17373535
3335,0,0.17612576
3336,0,0.22989754
3337,0,0.13469508
3338,0,0.24094275
3339,0,0.22431836
3340,0,0.20777702
3341,0,0.1972013
3342,0,0.14767794
3343,0,0.1534471
3344,0,0.19124725
3345,0,0.18566132
3346,0,0.21734379
3347,0,0.19459072
3348,0,0.14024442
3349,0,0.12137302
3350,0,0.21045706
3351,0,0.17214578
3352,0,0.18662533
3353,0,0.13243888
3354,0,0.19728538
3355,0,0.2341359
3356,0,0.15669765
3357,0,0.1728693
3358,0,0.2017959
3359,0,0.23597008
3360,0,0.19176768
3361,0,0.19504647
3362,0,0.25071758
3363,0,0.178891
3364,0,0.18429558
3365,0,0.19163835
3366,0,0.18944445
3367,0,0.23894379
3368,0,0.19283937
3369,0,0.1646173
3370,0,0.20136456
3371,0,0.20400552
3372,0,0.2292603
3373,0,0.11998434
3374,0,0.19226
3375,0,0.20526233
3376,0,0.17467527
3377,0,0.25956613
3378,0,0.08165546
3379,0,0.18031213
3380,0,0.22949295
3381,0,0.20087647
3382,0,0.22598636
3383,0,0.16346169
3384,0,0.20654258
3385,0,0.17255966
3386,0,0.17323294
3387,0,0.22398452
3388,0,0.28358883
3389,0,0.19317965
3390,0,0.20256683
3391,0,0.17069289
3392,0,0.15878135
3393,0,0.2463873
3394,0,0.14236909
3395,0,0.12656657
3396,0,0.22907388
3397,0,0.20270279
3398,0,0.23201013
3399,0,0.26290506
3400,0,0.18693922
3401,0,0.14421491
3402,0,0.14244041
3403,0,0.19140159
3404,0,0.14798497
3405,0,0.15762177
3406,0,0.14516549
3407,0,0.13746876
3408,0,0.12173349
3409,0,0.15410075
3410,0,0.18451095
3411,0,0.20669511
3412,0,0.18268773
3413,0,0.2116985
3414,0,0.25821567
3415,0,0.19519691
3416,0,0.16844687
3417,0,0.22783451
3418,0,0.18127874
3419,0,0.12199962
3420,0,0.17196056
3421,0,0.11671786
3422,0,0.19895634
3423,0,0.18436381
3424,0,0.17528586
3425,0,0.26246962
3426,0,0.23747846
3427,0,0.22723518
3428,0,0.22952688
3429,0,0.20387135
3430,0,0.19958487
3431,0,0.16257346
3432,0,0.25261927
3433,0,0.22873187
3434,0,0.18793665
3435,0,0.17658663
3436,0,0.16176033
3437,0,0.21009502
3438,0,0.24670713
3439,0,0.12057893
3440,0,0.22550893
3441,0,0.19644895
3442,0,0.20527779
3443,0,0.17283008
3444,0,0.21109554
3445,0,0.16613689
3446,0,0.1494216
3447,0,0.13211654
3448,0,0.17181209
3449,0,0.101401776
3450,0,0.17425554
3451,0,0.18706004
3452,0,0.20911388
3453,0,0.15798311
3454,0,0.21940944
3455,0,0.12033862
3456,0,0.19361077
3457,0,0.19638412
3458,0,0.12906298
3459,0,0.20830557
3460,0,0.19332102
3461,0,0.22844402
3462,0,0.174413
3463,0,0.17519367
3464,0,0.21249828
3465,0,0.14726195
3466,0,0.22567438
3467,0,0.18742454
3468,0,0.17820555
3469,0,0.221326
3470,0,0.20842299
3471,0,0.17577563
3472,0,0.11976393
3473,0,0.21992853
3474,0,0.22575872
3475,0,0.1478357
3476,0,0.18381727
3477,0,0.20569907
3478,0,0.15429899
3479,0,0.19606158
3480,0,0.1738033
3481,0,0.18726872
3482,0,0.2650529
3483,0,0.15045777
3484,0,0.12080705
3485,0,0.20863359
3486,0,0.21562758
3487,0,0.21046641
3488,0,0.20946738
3489,0,0.2070736
3490,0,0.21327488
3491,0,0.2072187
3492,0,0.21814255
3493,0,0.1853476
3494,0,0.13817395
3495,0,0.1618654
3496,0,0.25479305
3497,0,0.16337878
3498,0,0.2084226
3499,0,0.21118078
3500,0,0.18091607
3501,0,0.19836473
3502,0,0.20117263
3503,0,0.13331926
3504,0,0.21705964
3505,0,0.17556112
3506,0,0.14460537
3507,0,0.19279224
3508,0,0.17288356
3509,0,0.18514141
3510,0,0.16149008
3511,0,0.21474616
3512,0,0.17793308
3513,0,0.15489209
3514,0,0.18763219
3515,0,0.18198594
3516,0,0.18449698
3517,0,0.18123516
3518,0,0.20565848
3519,0,0.18824326
3520,0,0.15738201
3521,0,0.20968632
3522,0,0.16441575
3523,0,0.1638644
3524,0,0.14799133
3525,0,0.21826005
3526,0,0.16193184
3527,0,0.16208689
3528,0,0.30580226
3529,0,0.20020327
3530,0,0.14680573
3531,0,0.18095672
3532,0,0.117246374
3533,0,0.23211162
3534,0,0.12526771
3535,0,0.17319718
3536,0,0.2125889
3537,0,0.16408141
3538,0,0.25418767
3539,0,0.30006635
3540,0,0.17023882
3541,0,0.1961895
3542,0,0.1373615
3543,0,0.14530753
3544,0,0.14473017
3545,0,0.20909771
3546,0,0.24213475
3547,0,0.08533474
3548,0,0.1779212
3549,0,0.16388057
3550,0,0.15979527
3551,0,0.21866727
3552,0,0.16838348
3553,0,0.16920108
3554,0,0.18052469
3555,0,0.19924848
3556,0,0.25698262
3557,0,0.22618318
3558,0,0.16547993
3559,0,0.18952279
3560,0,0.12554853
3561,0,0.18378964
3562,0,0.2167457
3563,0,0.14367244
3564,0,0.16828597
3565,0,0.12807165
3566,0,0.24208431
3567,0,0.22297952
3568,0,0.21806316
3569,0,0.1799522
3570,0,0.19617963
3571,0,0.15436572
3572,0,0.31210622
3573,0,0.2195848
3574,0,0.26098773
3575,0,0.24724972
3576,0,0.19469003
3577,0,0.1693058
3578,0,0.18950705
3579,0,0.16685733
3580,0,0.21866825
3581,0,0.16703317
3582,0,0.2103861
3583,0,0.18753669
3584,0,0.19423214
3585,0,0.21318337
3586,0,0.24602066
3587,0,0.2046729
3588,0,0.165042
3589,0,0.1910716
3590,0,0.18992725
3591,0,0.18879843
3592,0,0.13898717
3593,0,0.20534885
3594,0,0.16236797
3595,0,0.17144918
3596,0,0.20317984
3597,0,0.18174396
3598,0,0.21500659
3599,0,0.3268383
3600,0,0.11534145
3601,0,0.19433455
3602,0,0.2310795
3603,0,0.19698422
3604,0,0.14875197
3605,0,0.17752141
3606,0,0.26879615
3607,0,0.1842523
3608,0,0.18524097
3609,0,0.21222799
3610,0,0.16887602
3611,0,0.2389894
3612,0,0.22603083
3613,0,0.11529844
3614,0,0.21870099
3615,0,0.21054575
3616,0,0.19261074
3617,0,0.17210148
3618,0,0.23039809
3619,0,0.228975
3620,0,0.21711914
3621,0,0.13562441
3622,0,0.22127864
3623,0,0.17264983
3624,0,0.20590109
3625,0,0.24850604
3626,0,0.2170934
3627,0,0.25534993
3628,0,0.1609757
3629,0,0.121537
3630,0,0.16282763
3631,0,0.21917942
3632,0,0.1848632
3633,0,0.22962657
3634,0,0.18754677
3635,0,0.2150862
3636,0,0.20564418
3637,0,0.109406196
3638,0,0.20530961
3639,0,0.18364275
3640,0,0.21651624
3641,0,0.13489196
3642,0,0.24712627
3643,0,0.17711362
3644,0,0.19734071
3645,0,0.22549126
3646,0,0.2187001
3647,0,0.20626852
3648,0,0.19162929
3649,0,0.13896573
3650,0,0.24476622
3651,0,0.23554656
3652,0,0.19861512
3653,0,0.22345996
3654,0,0.15737775
3655,0,0.21068619
3656,0,0.19572924
3657,0,0.17418556
3658,0,0.17291874
3659,0,0.18176799
3660,0,0.25204217
3661,0,0.23825952
3662,0,0.1565638
3663,0,0.081843734
3664,0,0.21201062
3665,0,0.208848
3666,0,0.2482737
3667,0,0.17210242
3668,0,0.22778249
3669,0,0.16014092
3670,0,0.25593743
3671,0,0.21387303
3672,0,0.108837575
3673,0,0.16608289
3674,0,0.20807664
3675,0,0.20166683
3676,0,0.23440044
3677,0,0.15038055
3678,0,0.2083578
3679,0,0.17433304
3680,0,0.17842136
3681,0,0.22228453
3682,0,0.16222537
3683,0,0.20123717
3684,0,0.19928084
3685,0,0.21814315
3686,0,0.17854631
3687,0,0.20525905
3688,0,0.114309266
3689,0,0.17792061
3690,0,0.19545037
3691,0,0.20637119
3692,0,0.17654155
3693,0,0.1942375
3694,0,0.1683167
3695,0,0.20557444
3696,0,0.14918914
3697,0,0.1221765
3698,0,0.13726336
3699,0,0.18918699
3700,0,0.13336232
3701,0,0.18409729
3702,0,0.19117793
3703,0,0.22464745
3704,0,0.13161117
3705,0,0.1441836
3706,0,0.11828986
3707,0,0.15042977
3708,0,0.25288594
3709,0,0.21784912
3710,0,0.22499494
3711,0,0.14019263
3712,0,0.15901777
3713,0,0.1916227
3714,0,0.19027364
3715,0,0.13172425
3716,0,0.17754996
3717,0,0.16589464
3718,0,0.048044246
3719,0,0.14230043
3720,0,0.1973542
3721,0,0.22215948
3722,0,0.23424195
3723,0,0.18242924
3724,0,0.26058513
3725,0,0.19301562
3726,0,0.15915275
3727,0,0.20007417
3728,0,0.26494622
3729,0,0.1320357
3730,0,0.20981455
3731,0,0.15772304
3732,0,0.17648277
3733,0,0.19212207
3734,0,0.18147406
3735,0,0.20371068
3736,0,0.21871814
3737,0,0.15135503
3738,0,0.18654367
3739,0,0.16609985
3740,0,0.14779675
3741,0,0.2547039
3742,0,0.19612473
3743,0,0.22699648
3744,0,0.159985
3745,0,0.12578763
3746,0,0.15773731
3747,0,0.22330813
3748,0,0.22652468
3749,0,0.10633576
3750,0,0.22844492
3751,0,0.18299782
3752,0,0.20182472
3753,0,0.21807232
3754,0,0.19371888
3755,0,0.2352016
3756,0,0.22572415
3757,0,0.21110821
3758,0,0.19032614
3759,0,0.1736872
3760,0,0.14216071
3761,0,0.20088081
3762,0,0.20679681
3763,0,0.20344636
3764,0,0.23484588
3765,0,0.2012934
3766,0,0.21447155
3767,0,0.18802896
3768,0,0.20994489
3769,0,0.18803647
3770,0,0.16177087
3771,0,0.111971036
3772,0,0.18645184
3773,0,0.17809987
3774,0,0.24434453
3775,0,0.14295532
3776,0,0.21000603
3777,0,0.23117337
3778,0,0.14118233
3779,0,0.15470432
3780,0,0.16258761
3781,0,0.1505764
3782,0,0.16613588
3783,0,0.18720393
3784,0,0.14015146
3785,0,0.13604753
3786,0,0.1569497
3787,0,0.20024393
3788,0,0.2147284
3789,0,0.23152642
3790,0,0.18950282
3791,0,0.22243944
3792,0,0.23573184
3793,0,0.19547004
3794,0,0.20802347
3795,0,0.23057282
3796,0,0.2052128
3797,0,0.2030772
3798,0,0.24038796
3799,0,0.22007614
3800,0,0.09172073
3801,0,0.19565225
3802,0,0.22576258
3803,0,0.1867718
3804,0,0.18526763
3805,0,0.18182859
3806,0,0.18069914
3807,0,0.2248752
3808,0,0.17853445
3809,0,0.15874068
3810,0,0.24041343
3811,0,0.21320319
3812,0,0.18398623
3813,0,0.19314921
3814,0,0.20433962
3815,0,0.20310055
3816,0,0.23870842
3817,0,0.15232095
3818,0,0.28651845
3819,0,0.20867679
3820,0,0.19930682
3821,0,0.25284705
3822,0,0.16405204
3823,0,0.16754685
3824,0,0.21223406
3825,0,0.24378626
3826,0,0.18789324
3827,0,0.18938324
3828,0,0.14890587
3829,0,0.20255017
3830,0,0.16368899
3831,0,0.19347537
3832,0,0.12046447
3833,0,0.17686716
3834,0,0.15681705
3835,0,0.18359864
3836,0,0.23304164
3837,0,0.22854255
3838,0,0.21190795
3839,0,0.17617548
3840,0,0.19426274
3841,0,0.14621648
3842,0,0.1801314
3843,0,0.1832659
3844,0,0.25380474
3845,0,0.21756306
3846,0,0.14230004
3847,0,0.1977224
3848,0,0.16535768
3849,0,0.13804865
3850,0,0.25392103
3851,0,0.15719199
3852,0,0.1538034
3853,0,0.19028883
3854,0,0.22775224
3855,0,0.20082997
3856,0,0.16083299
3857,0,0.17355186
3858,0,0.17976807
3859,0,0.20381507
3860,0,0.13788754
3861,0,0.21867135
3862,0,0.17882624
3863,0,0.20240352
3864,0,0.15972954
3865,0,0.14846699
3866,0,0.16623287
3867,0,0.18290159
3868,0,0.16001087
3869,0,0.16649882
3870,0,0.19626205
3871,0,0.19372773
3872,0,0.18388534
3873,0,0.20559433
3874,0,0.12134313
3875,0,0.19440666
3876,0,0.18177375
3877,0,0.25008592
3878,0,0.23981935
3879,0,0.21304789
3880,0,0.14131188
3881,0,0.21473852
3882,0,0.22484398
3883,0,0.17809814
3884,0,0.18496487
3885,0,0.13874254
3886,0,0.19045913
3887,0,0.14986183
3888,0,0.15842989
3889,0,0.19695854
3890,0,0.21263227
3891,0,0.17531626
3892,0,0.23457101
3893,0,0.15188652
3894,0,0.18032709
3895,0,0.23024365
3896,0,0.25415653
3897,0,0.1934042
3898,0,0.1732023
3899,0,0.08483243
3900,0,0.2160528
3901,0,0.20303833
3902,0,0.15968597
3903,0,0.17432402
3904,0,0.25171357
3905,0,0.2182489
3906,0,0.14243162
3907,0,0.23649997
3908,0,0.15088376
3909,0,0.19405863
3910,0,0.19439481
3911,0,0.22205608
3912,0,0.1457017
3913,0,0.21275978
3914,0,0.20012563
3915,0,0.17029403
3916,0,0.2585909
3917,0,0.14109069
3918,0,0.22100787
3919,0,0.15020524
3920,0,0.12790444
3921,0,0.19801712
3922,0,0.19804275
3923,0,0.27010012
3924,0,0.14362884
3925,0,0.19512968
3926,0,0.1722765
3927,0,0.255233
3928,0,0.17121515
3929,0,0.19446008
3930,0,0.30745828
3931,0,0.20347455
3932,0,0.22135775
3933,0,0.19062331
3934,0,0.26168543
3935,0,0.21227375
3936,0,0.20967422
3937,0,0.17833059
3938,0,0.19942102
3939,0,0.24355891
3940,0,0.2216975
3941,0,0.22143725
3942,0,0.23053305
3943,0,0.2184361
3944,0,0.13461572
3945,0,0.15093592
3946,0,0.1896898
3947,0,0.17126584
3948,0,0.20770007
3949,0,0.15619028
3950,0,0.19086382
3951,0,0.16081879
3952,0,0.20849922
3953,0,0.19141448
3954,0,0.17570369
3955,0,0.17255527
3956,0,0.12605488
3957,0,0.2185931
3958,0,0.23797768
3959,0,0.1749171
3960,0,0.19083703
3961,0,0.19469845
3962,0,0.17035177
3963,0,0.19472516
3964,0,0.20427272
3965,0,0.17289907
3966,0,0.23965774
3967,0,0.18169293
3968,0,0.25893888
3969,0,0.20303535
3970,0,0.25180298
3971,0,0.20214932
3972,0,0.22110522
3973,0,0.21421015
3974,0,0.13742916
3975,0,0.16164374
3976,0,0.17106962
3977,0,0.19936514
3978,0,0.15737577
3979,0,0.20367746
3980,0,0.20003188
3981,0,0.12954864
3982,0,0.23630464
3983,0,0.20261447
3984,0,0.20776084
3985,0,0.27214444
3986,0,0.2511575
3987,0,0.2139216
3988,0,0.23390251
3989,0,0.30541867
3990,0,0.17763321
3991,0,0.18842137
3992,0,0.19660276
3993,0,0.188858
3994,0,0.17540637
3995,0,0.17394015
3996,0,0.13442229
3997,0,0.16820799
3998,0,0.11790037
3999,0,0.15182209